
FA:	[]
RA:	[]
PGU:	[[0.07753277], [0.19476193], [0.21818916], [0.06915772], [1.20451805e-05], [0.15489535], [0.23024683], [0.19576134], [0.05044988], [1.5057325e-06], [0.15780456], [0.052348144], [0.006152111], [2.3321747e-06], [0.18007046], [0.19498979], [0.0890789], [0.12432599], [0.25369334], [0.43145898], [0.30094907], [0.049987853], [0.31136283], [0.0005215994], [0.041118477], [0.16733046], [0.11202627], [0.024456061], [0.26300216], [5.0335057e-08], [2.1743534e-07], [0.0045602093], [0.20387499], [0.1909689], [0.21265991], [0.29499823], [9.5951556e-08], [0.30037123], [0.32372108], [0.30920377], [0.39690328], [0.04289641], [0.22640425], [0.26472574], [0.047053482], [0.09062746], [0.21586873], [2.295872e-05], [0.105575845], [0.25552705], [1.4667857e-05], [3.0651026e-05], [0.000315457], [0.095135085], [0.011582157], [0.22139324], [4.867047e-06], [1.5246612e-05]]
PGI:	[[3.0897857e-07], [0.00014554581], [0.022312049], [1.3931871e-06], [0.075921774], [1.8251378e-05], [0.43797642], [0.0016467966], [1.1457264e-06], [0.082905136], [0.43050474], [0.32608032], [0.33304912], [0.07315352], [0.0027531742], [0.32303715], [0.3528121], [0.0010236716], [0.003858014], [0.29386327], [0.43731475], [1.3540566e-06], [0.37867597], [0.24612021], [0.24162312], [0.39586028], [0.34532145], [8.9122057e-07], [0.013199881], [0.022256557], [0.01984965], [0.26579067], [0.39375392], [3.2214735e-05], [0.0020507018], [0.019514756], [0.035034247], [0.01918303], [0.019884631], [0.41828975], [0.30645856], [2.5384365e-06], [0.0040078615], [0.0005046911], [6.874442e-07], [1.0693133e-06], [0.0027965412], [0.13319544], [3.1689196e-05], [0.44731572], [0.08010248], [0.13979582], [0.15748738], [0.002360008], [3.9315225e-08], [0.0004174415], [0.09163774], [0.05601964]]
orig_inds:	[0, 6, 8, 9, 10, 12, 13, 16, 17, 18, 19, 20, 21, 23, 25, 26, 28, 29, 33, 34, 35, 36, 37, 43, 44, 45, 46, 47, 48, 51, 52, 53, 54, 55, 56, 57, 58, 60, 61, 62, 63, 64, 65, 69, 71, 72, 75, 76, 77, 79, 80, 81, 82, 84, 85, 93, 94, 99]
