
FA:	[]
RA:	[]
PGU:	[[0.0803189], [0.19567423], [0.23062705], [0.0756305], [0.07575162], [0.17249839], [0.4375458], [0.20165433], [0.052050762], [0.07564571], [0.4317437], [0.31883577], [0.18562697], [0.071235515], [0.16830929], [0.20682195], [0.36091655], [0.13508259], [0.25531903], [0.4289606], [0.42086798], [0.04812791], [0.32462358], [0.2362311], [0.2669079], [0.39334616], [0.15763618], [0.027820751], [0.24941121], [0.026168728], [8.4577e-05], [0.28192148], [0.39754692], [0.19287093], [0.23314622], [0.30173013], [1.3931275e-06], [0.30103877], [0.32296684], [0.32838392], [0.41820648], [0.051635362], [0.22885129], [0.25962204], [0.052125398], [0.0923078], [0.20968892], [0.14166239], [0.111271985], [0.4262898], [0.00021755982], [0.13536718], [0.16383679], [0.10305825], [0.01248347], [0.22597149], [0.0005985487], [0.06773663]]
PGI:	[[1.1062622e-08], [3.287539e-05], [0.008221751], [9.7358225e-08], [2.1115541e-07], [7.825136e-07], [0.22494431], [1.4906371e-05], [6.004572e-07], [3.008288e-06], [0.019942045], [0.00010377331], [0.2730297], [2.2574068e-06], [0.00062221783], [0.31896368], [0.02322632], [8.3900095e-06], [0.00016014936], [0.061479103], [0.20103975], [6.328106e-07], [0.37352407], [3.0974323e-05], [3.4712808e-05], [0.006242095], [0.34062466], [2.7167798e-07], [3.4411525e-05], [5.4860745e-08], [0.015428149], [7.016673e-06], [0.087443195], [8.680771e-07], [8.726079e-05], [0.0015790946], [0.02911267], [0.0009551456], [0.00935686], [0.40941647], [0.17916697], [2.2649765e-10], [2.450788e-05], [0.00036525753], [3.0003787e-07], [1.2388229e-07], [1.4766258e-05], [1.473558e-06], [5.049472e-07], [0.2460983], [0.08300804], [4.7308888e-05], [7.282877e-06], [4.048643e-05], [0.0], [0.00039765608], [0.0812672], [3.0076503e-08]]
orig_inds:	[0, 6, 8, 9, 10, 12, 13, 16, 17, 18, 19, 20, 21, 23, 25, 26, 28, 29, 33, 34, 35, 36, 37, 43, 44, 45, 46, 47, 48, 51, 52, 53, 54, 55, 56, 57, 58, 60, 61, 62, 63, 64, 65, 69, 71, 72, 75, 76, 77, 79, 80, 81, 82, 84, 85, 93, 94, 99]
