
FA:	[]
RA:	[]
PGU:	[[0.076544076], [0.19688202], [0.2148011], [0.069783024], [0.07976196], [0.17101109], [0.3065617], [0.19519377], [0.053745404], [3.947043e-05], [0.24429883], [0.06880729], [0.084585235], [5.348015e-06], [0.1646767], [0.19195797], [0.1679455], [0.13281627], [0.23871042], [0.43049756], [0.29341298], [0.050541986], [0.31349564], [0.24379067], [0.26039916], [0.22410025], [0.11600368], [0.024631757], [0.24946293], [6.928894e-08], [2.0623307e-07], [0.02409059], [0.20749585], [0.19107996], [0.21347554], [0.29057467], [2.5453568e-07], [0.29905882], [0.3217056], [0.30362022], [0.4020972], [0.04421795], [0.2236174], [0.26161107], [0.047966026], [0.09213188], [0.211301], [7.5611286e-05], [0.11559116], [0.26573536], [1.772896e-05], [0.12654698], [0.00033852164], [0.10382086], [0.013645729], [0.22849497], [4.873246e-06], [0.07132974]]
PGI:	[[2.9836892e-07], [0.00014689824], [0.020797463], [1.3712048e-06], [3.6865472e-07], [2.3163677e-06], [0.44087982], [2.9694796e-05], [6.6348315e-07], [0.077478155], [0.42470428], [0.3257959], [0.32623178], [0.0685324], [0.0027871546], [0.3214508], [0.32893312], [4.9436338e-05], [0.0050471486], [0.10722651], [0.44193822], [1.3061762e-06], [0.38164306], [0.008781786], [0.00061137247], [0.3838724], [0.34468672], [8.0236197e-07], [0.0037019635], [0.021071298], [0.022456232], [0.25975305], [0.39567605], [1.0089042e-05], [0.0018404011], [0.018481132], [0.029081913], [0.015521841], [0.013490574], [0.41356537], [0.294596], [4.2837263e-07], [4.6582485e-05], [0.0003884306], [6.764054e-07], [1.4349222e-07], [0.00019647865], [0.14284481], [3.759953e-06], [0.44458866], [0.08311042], [0.00093650474], [0.15648794], [0.0007640962], [3.3664705e-08], [0.0003861264], [0.08515945], [1.3899803e-07]]
orig_inds:	[0, 6, 8, 9, 10, 12, 13, 16, 17, 18, 19, 20, 21, 23, 25, 26, 28, 29, 33, 34, 35, 36, 37, 43, 44, 45, 46, 47, 48, 51, 52, 53, 54, 55, 56, 57, 58, 60, 61, 62, 63, 64, 65, 69, 71, 72, 75, 76, 77, 79, 80, 81, 82, 84, 85, 93, 94, 99]
