
FA:	[]
RA:	[]
PGU:	[[0.07495812], [0.19202536], [0.21003065], [0.071658134], [0.08488256], [0.16920981], [0.43597758], [0.20616196], [0.05585738], [5.3579217e-05], [0.43146378], [0.09149418], [0.17289095], [0.069104314], [0.16975766], [0.19726126], [0.20883557], [0.13432641], [0.24719006], [0.4306265], [0.2900132], [0.05077478], [0.32213917], [0.23128398], [0.26535827], [0.25876042], [0.11643307], [0.026493436], [0.2482107], [0.020235676], [6.9964756e-07], [0.042102654], [0.24576242], [0.1900726], [0.22172983], [0.2957424], [6.640315e-07], [0.30011272], [0.32435736], [0.30959746], [0.40367067], [0.0502113], [0.24038196], [0.2607961], [0.048049312], [0.09841091], [0.20936109], [0.0003103793], [0.108791955], [0.3122273], [4.2817806e-05], [0.1336058], [0.0017809431], [0.103344485], [0.012262576], [0.22191565], [1.957543e-05], [0.06378118]]
PGI:	[[6.744862e-08], [0.0001409413], [0.018573027], [1.3087154e-06], [3.0362605e-07], [1.9206761e-06], [0.21866712], [2.4551964e-05], [5.9438946e-07], [0.07458753], [0.19763644], [0.3222572], [0.2750789], [6.680477e-06], [0.0024162007], [0.32853124], [0.3195726], [8.226073e-06], [0.004512158], [0.10289338], [0.44688022], [6.195426e-07], [0.3795187], [0.0028304362], [0.00015839342], [0.3758563], [0.34334567], [8.3549617e-07], [6.0393042e-05], [1.7856021e-06], [0.016993169], [0.25056008], [0.38917342], [8.391607e-06], [0.0017049856], [0.0033407826], [0.032171473], [0.01488312], [0.009583716], [0.41763854], [0.27935496], [1.5280247e-07], [3.6818165e-05], [0.0003701681], [3.1425952e-07], [1.4503001e-07], [1.673066e-05], [0.1347776], [2.9383355e-06], [0.4368248], [0.083818786], [9.15241e-05], [0.15449148], [6.720818e-05], [3.232956e-08], [0.00036721412], [0.08518621], [1.122117e-07]]
orig_inds:	[0, 6, 8, 9, 10, 12, 13, 16, 17, 18, 19, 20, 21, 23, 25, 26, 28, 29, 33, 34, 35, 36, 37, 43, 44, 45, 46, 47, 48, 51, 52, 53, 54, 55, 56, 57, 58, 60, 61, 62, 63, 64, 65, 69, 71, 72, 75, 76, 77, 79, 80, 81, 82, 84, 85, 93, 94, 99]
