
FA:	[]
RA:	[]
PGU:	[[0.07490794], [0.20179245], [0.2207289], [0.068488315], [0.07644377], [0.17068914], [0.23278487], [0.1979716], [0.05462069], [3.0277251e-06], [0.16897345], [0.04973074], [0.049464058], [2.441454e-06], [0.16423918], [0.1906745], [0.1007597], [0.1331463], [0.2522129], [0.42850873], [0.30013168], [0.049517617], [0.31304085], [0.000527947], [0.05511295], [0.2041531], [0.11676358], [0.026445001], [0.2444417], [5.115362e-08], [1.5733548e-07], [0.005119594], [0.20527361], [0.18536913], [0.21860647], [0.30330038], [2.249837e-07], [0.2989357], [0.32137054], [0.3053823], [0.39499617], [0.04597624], [0.2307662], [0.2691524], [0.044844635], [0.094519], [0.20799236], [2.3791194e-05], [0.10060466], [0.25799432], [1.7061806e-05], [7.534964e-05], [0.00041660323], [0.092734784], [0.0129005145], [0.2234803], [4.9282908e-06], [0.06533297]]
PGI:	[[3.063798e-07], [0.00014738571], [0.023082728], [1.4254451e-06], [2.4034262e-06], [2.0724046e-05], [0.439504], [0.00018299025], [1.1662006e-06], [0.08046959], [0.43444067], [0.32256505], [0.32504982], [0.07236984], [0.0026148097], [0.32450008], [0.35099342], [5.313027e-05], [0.004524471], [0.2922747], [0.43907377], [1.3750911e-06], [0.37892157], [0.26410204], [0.22727974], [0.3769513], [0.34607002], [8.517861e-07], [0.010797451], [0.024183093], [0.02024206], [0.2691508], [0.39790908], [2.9956489e-05], [0.0019183984], [0.017740417], [0.029667344], [0.01721561], [0.013683857], [0.41492876], [0.30554426], [8.46678e-07], [5.6359513e-05], [0.00048382787], [7.793367e-07], [1.8881559e-07], [0.0028830129], [0.13491736], [3.2968914e-05], [0.4429295], [0.081848], [0.14320648], [0.16315044], [0.0021890767], [3.7491322e-08], [0.00039965363], [0.086829685], [1.1113882e-06]]
orig_inds:	[0, 6, 8, 9, 10, 12, 13, 16, 17, 18, 19, 20, 21, 23, 25, 26, 28, 29, 33, 34, 35, 36, 37, 43, 44, 45, 46, 47, 48, 51, 52, 53, 54, 55, 56, 57, 58, 60, 61, 62, 63, 64, 65, 69, 71, 72, 75, 76, 77, 79, 80, 81, 82, 84, 85, 93, 94, 99]
