
FA:	[]
RA:	[]
PGU:	[[0.07833143], [0.18903767], [0.23022978], [0.06967644], [0.08237879], [0.17045274], [0.4321148], [0.20337985], [0.051079582], [0.07657436], [0.42816776], [0.31780797], [0.18477154], [0.072123155], [0.16740662], [0.21039881], [0.367325], [0.12824693], [0.25006607], [0.43128544], [0.42598644], [0.05619142], [0.3256465], [0.24225642], [0.26457343], [0.3970278], [0.1544509], [0.028664099], [0.2527702], [0.025091203], [2.8761076e-06], [0.29189205], [0.39581415], [0.1866695], [0.22483906], [0.30253637], [2.1313012e-06], [0.30635706], [0.31990054], [0.33126056], [0.41986793], [0.04632249], [0.2267948], [0.26681268], [0.04935589], [0.0922131], [0.21676531], [0.14799388], [0.11291018], [0.41974726], [0.00048320927], [0.1453675], [0.16991097], [0.100199565], [0.011812683], [0.2251401], [0.0007537744], [0.07407353]]
PGI:	[[1.01089475e-08], [3.284887e-05], [0.0083583575], [9.734631e-08], [2.0760298e-07], [7.876754e-07], [0.22169851], [1.5023267e-05], [5.988836e-07], [2.8571249e-06], [0.020207722], [0.00010139322], [0.27441478], [2.292037e-06], [0.00049548893], [0.31407315], [0.023268003], [8.414817e-06], [0.00015957643], [0.061184157], [0.19720423], [6.1331986e-07], [0.37596413], [3.0538315e-05], [3.359495e-05], [0.006157182], [0.3352334], [2.8134585e-07], [3.4899593e-05], [5.4076185e-08], [0.014351088], [6.9693633e-06], [0.08888115], [8.6086953e-07], [8.7806264e-05], [0.0015683214], [0.030495023], [0.000950529], [0.009403862], [0.40588576], [0.17904833], [3.218651e-10], [2.4560934e-05], [0.0003632766], [3.2725333e-07], [1.254797e-07], [1.48009185e-05], [1.5099287e-06], [5.2750084e-07], [0.24288796], [0.07932386], [0.00010588703], [7.2862626e-06], [4.04221e-05], [0.0], [0.00039023117], [0.08147963], [3.0767918e-08]]
orig_inds:	[0, 6, 8, 9, 10, 12, 13, 16, 17, 18, 19, 20, 21, 23, 25, 26, 28, 29, 33, 34, 35, 36, 37, 43, 44, 45, 46, 47, 48, 51, 52, 53, 54, 55, 56, 57, 58, 60, 61, 62, 63, 64, 65, 69, 71, 72, 75, 76, 77, 79, 80, 81, 82, 84, 85, 93, 94, 99]
