
FA:	[[0.6], [0.6], [0.6], [0.6], [0.6], [0.6], [0.6], [0.6], [0.6], [0.6], [0.6], [0.4], [0.6], [0.4], [0.4], [0.6], [0.6], [0.6], [0.6], [0.6], [0.6], [0.6], [0.4], [0.6], [0.6], [0.6], [0.6], [0.6], [0.6], [0.6], [0.6], [0.6], [0.6], [0.6], [0.6], [0.6], [0.4], [0.6], [0.6], [0.4], [0.6], [0.6], [0.6], [0.6], [0.6], [0.6], [0.6], [0.6], [0.4], [0.6], [0.6], [0.4], [0.6], [0.6], [0.8], [0.4], [0.6], [0.6], [0.4], [0.2], [0.6], [0.6], [0.6], [0.6], [0.8], [0.6], [0.4], [0.6], [0.6], [0.6], [0.6], [0.6], [0.6], [0.4], [0.6], [0.6], [0.4], [0.6], [0.6], [0.6]]
RA:	[[0.0], [0.0], [0.4], [0.2], [0.0], [0.0], [0.0], [0.0], [0.0], [0.2], [0.0], [0.0], [0.0], [0.0], [0.0], [0.0], [0.0], [0.0], [0.0], [0.0], [0.2], [0.0], [0.0], [0.0], [0.0], [0.0], [0.4], [0.0], [0.0], [0.4], [0.0], [0.0], [0.0], [0.0], [0.0], [0.2], [0.4], [0.0], [0.0], [0.0], [0.0], [0.2], [0.0], [0.0], [0.0], [0.2], [0.2], [0.0], [0.2], [0.0], [0.0], [0.0], [0.2], [0.2], [0.0], [0.0], [0.0], [0.2], [0.0], [0.2], [0.2], [0.0], [0.0], [0.0], [0.4], [0.0], [0.2], [0.0], [0.0], [0.0], [0.0], [0.0], [0.0], [0.0], [0.2], [0.2], [0.0], [0.2], [0.0], [0.0]]
PGU:	[[0.00076928886], [0.009786884], [0.03228938], [0.0015765355], [0.0010656237], [0.007851694], [0.11411366], [0.014658945], [0.0028323953], [0.002954067], [0.11086177], [0.28689885], [0.023632247], [0.043892015], [0.18407093], [0.1052905], [0.05232491], [0.006967668], [0.008045478], [0.11472778], [0.15755893], [0.0011288864], [0.09579665], [0.004873284], [0.01581705], [0.07228572], [0.113303676], [0.00050963805], [0.15385549], [8.576203e-05], [0.00010383264], [0.05337627], [0.10153955], [0.018426217], [0.010076626], [0.11919631], [0.066557735], [0.046239167], [0.12364767], [0.07426445], [0.12628819], [0.0009323357], [0.031481575], [0.016557835], [0.00192736], [0.0013131809], [0.014935116], [0.0045397887], [0.003508046], [0.09285315], [0.0030167024], [0.012800615], [0.016189432], [0.014413683], [0.0328194], [0.04919902], [0.0057939594], [0.0020707273], [0.034481198], [0.0376027], [0.02889139], [0.005819357], [0.0036998382], [0.024828104], [0.09761443], [0.0023141226], [0.118963525], [0.0031388758], [0.07734802], [0.043997224], [0.121843226], [0.014850418], [0.072681524], [0.077894546], [0.045550786], [0.17754696], [0.35189503], [0.04702175], [0.12104862], [0.0058015822]]
PGI:	[[0.07537148], [0.1839693], [0.2240521], [0.10107357], [0.085185595], [0.1706902], [0.36989334], [0.20895894], [0.12269829], [0.102196604], [0.36950734], [0.05082231], [0.24111392], [0.00024341902], [0.010594802], [0.36255395], [0.30102986], [0.16578607], [0.17247218], [0.36795112], [0.36500582], [0.08887014], [0.33310485], [0.14158802], [0.21852654], [0.3254943], [0.37070176], [0.0534428], [0.014214365], [0.02592802], [0.030211221], [0.29671884], [0.35577846], [0.22910632], [0.18305317], [0.3765596], [0.0012855273], [0.29308796], [0.37754297], [0.3116606], [0.3809258], [0.07841432], [0.26217908], [0.21580751], [0.10874751], [0.09200761], [0.20974712], [0.14039752], [0.115809426], [0.3504952], [0.12443217], [0.18262991], [0.21138072], [0.2067951], [0.00033396963], [0.27271932], [0.14909422], [0.1049863], [0.2554268], [0.21388842], [0.2540461], [0.15418765], [0.13588351], [0.24882841], [0.37641245], [0.1157787], [0.32623717], [0.12922633], [0.32504073], [0.28808898], [0.3756824], [0.21147686], [0.3253959], [0.3130135], [0.2799032], [0.3743077], [0.09617084], [0.291784], [0.37208048], [0.15962206]]
orig_inds:	[0, 2, 3, 4, 6, 7, 9, 10, 11, 12, 14, 15, 16, 17, 18, 20, 21, 22, 24, 25, 26, 27, 28, 29, 30, 31, 32, 33, 34, 35, 36, 38, 40, 41, 42, 43, 44, 45, 47, 48, 50, 51, 52, 53, 54, 56, 57, 60, 61, 62, 63, 64, 66, 67, 68, 69, 70, 72, 73, 74, 75, 76, 77, 78, 79, 80, 81, 82, 85, 86, 87, 89, 91, 92, 93, 94, 95, 97, 98, 99]
