
FA:	[[0.5], [0.5], [0.5], [0.5], [0.5], [0.5], [0.5], [0.5], [0.5], [0.5], [0.5], [0.25], [0.5], [0.25], [0.25], [0.5], [0.5], [0.5], [0.5], [0.5], [0.5], [0.5], [0.5], [0.5], [0.5], [0.5], [0.5], [0.5], [0.5], [0.5], [0.5], [0.5], [0.5], [0.5], [0.5], [0.5], [0.5], [0.5], [0.5], [0.5], [0.5], [0.5], [0.5], [0.5], [0.5], [0.5], [0.5], [0.5], [0.5], [0.5], [0.5], [0.25], [0.5], [0.25], [0.5], [0.25], [0.5], [0.5], [0.25], [0.25], [0.5], [0.5], [0.5], [0.5], [0.75], [0.5], [0.25], [0.5], [0.25], [0.5], [0.5], [0.5], [0.5], [0.25], [0.25], [0.5], [0.25], [0.5], [0.5], [0.5]]
RA:	[[0.0], [0.0], [0.25], [0.25], [0.0], [0.0], [0.0], [0.0], [0.0], [0.25], [0.0], [0.0], [0.0], [0.0], [0.0], [0.0], [0.0], [0.0], [0.0], [0.0], [0.25], [0.0], [0.0], [0.0], [0.0], [0.0], [0.5], [0.0], [0.0], [0.5], [0.0], [0.0], [0.0], [0.0], [0.0], [0.25], [0.5], [0.0], [0.0], [0.0], [0.0], [0.25], [0.0], [0.0], [0.0], [0.25], [0.25], [0.0], [0.25], [0.0], [0.0], [0.0], [0.25], [0.25], [0.0], [0.0], [0.0], [0.0], [0.0], [0.25], [0.25], [0.0], [0.0], [0.0], [0.25], [0.0], [0.25], [0.0], [0.0], [0.0], [0.0], [0.0], [0.0], [0.0], [0.25], [0.25], [0.0], [0.25], [0.0], [0.0]]
PGU:	[[0.0010399126], [0.01282312], [0.036188655], [0.0020982437], [0.0014412781], [0.010589754], [0.13748027], [0.01971734], [0.0038519718], [0.0036862919], [0.13524179], [0.29197928], [0.031583928], [0.042585563], [0.18287525], [0.12949224], [0.06738851], [0.009396011], [0.01081914], [0.14060399], [0.157641], [0.0015306202], [0.095381], [0.006414662], [0.021024058], [0.09124239], [0.13973531], [0.0005048768], [0.15376772], [8.574444e-05], [0.00013782817], [0.06780839], [0.12254561], [0.024243265], [0.013421558], [0.14445788], [0.06580176], [0.058984857], [0.14844953], [0.0734296], [0.15183876], [0.0012721654], [0.041029863], [0.021266708], [0.0026038017], [0.08844359], [0.01980525], [0.0060212286], [0.0036603608], [0.1115053], [0.004199917], [0.02164222], [0.031123148], [0.19769979], [0.03326993], [0.27807462], [0.00777298], [0.0024337687], [0.05485313], [0.038137235], [0.038068354], [0.0076914863], [0.0049868063], [0.032366984], [0.12354894], [0.0032513924], [0.13109218], [0.0042623505], [0.32286152], [0.057066496], [0.14842036], [0.019252133], [0.088842906], [0.11239131], [0.28528398], [0.17627048], [0.3594078], [0.061616167], [0.14542939], [0.0077473]]
PGI:	[[0.075484745], [0.18253136], [0.2233686], [0.09985204], [0.080134116], [0.17298917], [0.36780018], [0.21362771], [0.11904163], [0.09682152], [0.3640492], [0.051018465], [0.24204218], [0.00015817452], [0.010488474], [0.35877037], [0.30335867], [0.16402525], [0.16550796], [0.3651108], [0.36222178], [0.08454927], [0.3376884], [0.138413], [0.21916138], [0.32705536], [0.3695092], [0.058692195], [0.012121228], [0.025934402], [0.02919241], [0.30160365], [0.3546838], [0.2287611], [0.18676142], [0.367526], [0.001232431], [0.28732863], [0.3766992], [0.30987158], [0.378159], [0.08149838], [0.25887257], [0.21601067], [0.10717205], [0.0025621278], [0.21107017], [0.13541639], [0.11928348], [0.3503121], [0.1212237], [0.17785344], [0.20929047], [0.023407187], [0.00029105853], [0.056139447], [0.15556702], [0.10659667], [0.24736735], [0.2157706], [0.2574624], [0.15091036], [0.13002665], [0.2427673], [0.3779467], [0.11027859], [0.32354066], [0.12450747], [0.11186714], [0.28880093], [0.37571555], [0.20582978], [0.32710075], [0.31319636], [0.06841145], [0.37256515], [0.0930868], [0.29372665], [0.37293664], [0.15154292]]
orig_inds:	[0, 2, 3, 4, 6, 7, 9, 10, 11, 12, 14, 15, 16, 17, 18, 20, 21, 22, 24, 25, 26, 27, 28, 29, 30, 31, 32, 33, 34, 35, 36, 38, 40, 41, 42, 43, 44, 45, 47, 48, 50, 51, 52, 53, 54, 56, 57, 60, 61, 62, 63, 64, 66, 67, 68, 69, 70, 72, 73, 74, 75, 76, 77, 78, 79, 80, 81, 82, 85, 86, 87, 89, 91, 92, 93, 94, 95, 97, 98, 99]
