
FA:	[[0.0], [0.0], [1.0], [0.0], [0.0], [0.0], [0.0], [0.0], [0.0], [0.0], [0.0], [0.0], [0.0], [0.0], [0.0], [0.0], [0.0], [0.0], [0.0], [0.0], [1.0], [0.0], [0.0], [0.0], [0.0], [0.0], [1.0], [0.0], [0.0], [1.0], [0.0], [0.0], [0.0], [0.0], [0.0], [0.0], [0.0], [0.0], [0.0], [0.0], [0.0], [1.0], [0.0], [0.0], [0.0], [0.0], [1.0], [0.0], [1.0], [0.0], [0.0], [0.0], [1.0], [0.0], [0.0], [0.0], [0.0], [0.0], [0.0], [1.0], [1.0], [0.0], [0.0], [0.0], [0.0], [0.0], [1.0], [0.0], [0.0], [0.0], [0.0], [0.0], [0.0], [0.0], [0.0], [1.0], [0.0], [0.0], [0.0], [0.0]]
RA:	[[0.0], [0.0], [1.0], [0.0], [0.0], [0.0], [0.0], [0.0], [0.0], [0.0], [0.0], [0.0], [0.0], [0.0], [0.0], [0.0], [0.0], [0.0], [0.0], [0.0], [1.0], [0.0], [0.0], [0.0], [0.0], [0.0], [1.0], [0.0], [0.0], [1.0], [0.0], [0.0], [0.0], [0.0], [0.0], [0.0], [0.0], [0.0], [0.0], [0.0], [0.0], [1.0], [0.0], [0.0], [0.0], [0.0], [1.0], [0.0], [1.0], [0.0], [0.0], [0.0], [1.0], [0.0], [0.0], [0.0], [0.0], [0.0], [0.0], [1.0], [1.0], [0.0], [0.0], [0.0], [0.0], [0.0], [1.0], [0.0], [0.0], [0.0], [0.0], [0.0], [0.0], [0.0], [0.0], [1.0], [0.0], [0.0], [0.0], [0.0]]
PGU:	[[0.076275684], [0.18371348], [0.04591282], [0.104827225], [0.08758567], [0.17965364], [0.37134445], [0.20981494], [0.122130506], [0.108422056], [0.36887035], [0.28502798], [0.24871023], [0.045109663], [0.18270575], [0.36035195], [0.30314088], [0.17173173], [0.18216175], [0.36899397], [0.19010098], [0.08864475], [0.33771095], [0.14386109], [0.21686743], [0.32996786], [0.19295429], [0.060426526], [0.16371904], [0.00019234468], [0.03230987], [0.30834022], [0.35970676], [0.22800769], [0.18306634], [0.3732668], [0.07320617], [0.2867478], [0.37744784], [0.3071753], [0.38048926], [0.002588255], [0.26382205], [0.22087364], [0.10510458], [0.08812671], [0.03476892], [0.14210998], [0.0069153616], [0.35359567], [0.12594143], [0.18636481], [0.038326293], [0.20787595], [0.034783065], [0.27756757], [0.15728173], [0.104377024], [0.25110516], [0.042376004], [0.06256669], [0.15928276], [0.13059144], [0.24470046], [0.38117534], [0.11751531], [0.13939427], [0.12946688], [0.33131382], [0.28678834], [0.37662178], [0.21011025], [0.32915306], [0.3163167], [0.2847828], [0.20249152], [0.3541907], [0.29587513], [0.37373737], [0.15493858]]
PGI:	[[6.780332e-05], [0.0136861615], [0.22506589], [0.00013462403], [0.0005033661], [0.0037167268], [0.061383057], [0.0069122305], [0.00024597358], [2.6832891e-05], [0.05872932], [0.0325391], [0.0021591731], [1.9209898e-05], [0.0042274846], [0.056642756], [0.0051119286], [0.003275995], [0.0007301072], [0.14017217], [0.3627773], [0.00053171866], [0.007737227], [0.0022186132], [0.0075505683], [0.0072985343], [0.36392477], [3.56559e-05], [0.002935201], [0.023548966], [4.8524693e-05], [0.068952575], [0.052680843], [0.00865379], [0.00087611645], [0.012676244], [0.0003036604], [0.02262434], [0.06649411], [0.005758085], [0.014011873], [0.07599508], [0.002947728], [0.0014762534], [0.00016514947], [0.0018459909], [0.20250256], [0.0004050479], [0.11187776], [0.047598805], [0.0041879886], [0.004545927], [0.21245515], [0.0012136097], [0.0001908466], [0.018771157], [0.00050594], [0.00086515443], [0.0042560985], [0.21593566], [0.24420549], [0.0005096751], [0.005208879], [0.011827544], [0.066987045], [0.00020740085], [0.32599947], [0.001465066], [0.04741075], [0.0041724867], [0.0132414475], [0.0069836234], [0.03647068], [0.010349349], [0.0039923023], [0.3704079], [0.0017272426], [0.0045466046], [0.063574314], [0.0027069128]]
orig_inds:	[0, 2, 3, 4, 6, 7, 9, 10, 11, 12, 14, 15, 16, 17, 18, 20, 21, 22, 24, 25, 26, 27, 28, 29, 30, 31, 32, 33, 34, 35, 36, 38, 40, 41, 42, 43, 44, 45, 47, 48, 50, 51, 52, 53, 54, 56, 57, 60, 61, 62, 63, 64, 66, 67, 68, 69, 70, 72, 73, 74, 75, 76, 77, 78, 79, 80, 81, 82, 85, 86, 87, 89, 91, 92, 93, 94, 95, 97, 98, 99]
