
FA:	[[0.0], [0.5], [0.5], [0.5], [0.0], [0.0], [0.0], [0.0], [0.0], [0.0], [0.5], [0.0], [0.0], [0.0], [0.0], [0.0], [0.0], [0.0], [0.0], [0.5], [0.5], [0.0], [0.0], [0.0], [0.0], [0.0], [1.0], [0.5], [0.0], [1.0], [0.0], [0.5], [0.0], [0.0], [0.0], [0.5], [0.5], [0.0], [0.0], [0.5], [0.0], [0.5], [0.0], [0.0], [0.0], [0.5], [0.5], [0.0], [0.5], [0.0], [0.5], [0.5], [0.5], [0.5], [0.5], [0.0], [0.0], [0.5], [0.5], [0.5], [0.5], [0.0], [0.5], [0.0], [0.5], [0.0], [0.5], [0.0], [0.0], [0.0], [0.0], [0.0], [0.0], [0.5], [0.5], [0.5], [0.0], [0.5], [0.0], [0.0]]
RA:	[[0.0], [0.0], [0.5], [0.5], [0.0], [0.0], [0.0], [0.0], [0.0], [0.0], [0.0], [0.0], [0.0], [0.0], [0.0], [0.0], [0.0], [0.0], [0.0], [0.0], [0.5], [0.0], [0.0], [0.0], [0.0], [0.0], [1.0], [0.0], [0.0], [1.0], [0.0], [0.0], [0.0], [0.0], [0.0], [0.5], [0.5], [0.0], [0.0], [0.0], [0.0], [0.5], [0.0], [0.0], [0.0], [0.0], [0.5], [0.0], [0.5], [0.0], [0.0], [0.0], [0.5], [0.5], [0.0], [0.0], [0.0], [0.0], [0.0], [0.5], [0.5], [0.0], [0.0], [0.0], [0.0], [0.0], [0.5], [0.0], [0.0], [0.0], [0.0], [0.0], [0.0], [0.0], [0.5], [0.5], [0.0], [0.5], [0.0], [0.0]]
PGU:	[[0.07645339], [0.18770173], [0.042760685], [0.09581595], [0.08526169], [0.17632344], [0.3712621], [0.2099866], [0.12522249], [0.10675], [0.1800911], [0.28973702], [0.24573115], [0.047522057], [0.1851233], [0.36344078], [0.29923674], [0.17049992], [0.1783056], [0.3668256], [0.18231773], [0.09532443], [0.33660462], [0.14252554], [0.21897256], [0.3327376], [0.15059972], [0.0010789385], [0.15979284], [0.00010419848], [0.03358158], [0.3013643], [0.36014226], [0.22877073], [0.18219127], [0.37148365], [0.06828055], [0.2923789], [0.37662807], [0.11580899], [0.37913477], [0.0022628605], [0.26792914], [0.21857618], [0.11112276], [0.08969289], [0.03413007], [0.14771247], [0.006864273], [0.35060802], [0.12013706], [0.02284316], [0.036222853], [0.19845535], [0.032921996], [0.2755987], [0.15843475], [0.00464025], [0.0584684], [0.04075024], [0.058867577], [0.15872929], [0.13725628], [0.24543415], [0.19887395], [0.116956934], [0.13872734], [0.12850457], [0.3237046], [0.28960755], [0.37649375], [0.21709321], [0.328888], [0.11797908], [0.2771782], [0.18890846], [0.352914], [0.28882986], [0.37500665], [0.15315321]]
PGI:	[[0.00036523896], [0.013836093], [0.22558704], [0.0021497207], [0.0005100081], [0.0037964333], [0.06095913], [0.007163288], [0.0013404129], [0.000824444], [0.36390755], [0.041335776], [0.011586509], [0.00015377752], [0.008038663], [0.05670816], [0.026966669], [0.0033641334], [0.003870726], [0.14899212], [0.36571637], [0.00053801556], [0.04031976], [0.0022535513], [0.007847676], [0.03801838], [0.36819398], [0.05445752], [0.005535314], [0.024479315], [4.8870123e-05], [0.07546694], [0.054642256], [0.008910439], [0.004737236], [0.1476894], [0.00099709], [0.022958133], [0.0677483], [0.3047276], [0.07017811], [0.0748197], [0.015733277], [0.007857476], [0.0009099112], [0.0020930045], [0.20917207], [0.0021964216], [0.11484396], [0.048349444], [0.004663922], [0.18189347], [0.20920566], [0.017609403], [0.00023871694], [0.020016134], [0.00271688], [0.09915829], [0.2421405], [0.21495867], [0.24697907], [0.002762702], [0.005667025], [0.01235112], [0.37539938], [0.0011171866], [0.319651], [0.0014925743], [0.061644755], [0.021854937], [0.06871756], [0.007017138], [0.03756654], [0.31119585], [0.05615871], [0.37325367], [0.07135416], [0.06245678], [0.06486243], [0.0027772293]]
orig_inds:	[0, 2, 3, 4, 6, 7, 9, 10, 11, 12, 14, 15, 16, 17, 18, 20, 21, 22, 24, 25, 26, 27, 28, 29, 30, 31, 32, 33, 34, 35, 36, 38, 40, 41, 42, 43, 44, 45, 47, 48, 50, 51, 52, 53, 54, 56, 57, 60, 61, 62, 63, 64, 66, 67, 68, 69, 70, 72, 73, 74, 75, 76, 77, 78, 79, 80, 81, 82, 85, 86, 87, 89, 91, 92, 93, 94, 95, 97, 98, 99]
