
FA:	[]
RA:	[]
PGU:	[[0.0], [0.0], [0.0], [0.0], [0.0], [0.0], [3.259629e-09], [0.0], [0.0], [0.0], [0.0], [0.0], [2.3874236e-12], [1.6298145e-09], [0.0], [0.0], [0.0], [0.0], [0.0], [0.0], [0.0], [9.313226e-10], [2.6077032e-08], [0.0], [0.0], [0.0], [0.0], [0.0], [0.0], [0.0], [0.0], [0.0], [0.0], [5.9604645e-08], [0.0], [0.0], [0.0], [4.0745363e-10], [0.0], [0.0], [0.0], [0.0], [0.0], [0.0], [5.820766e-10], [1.4901161e-08], [0.0], [0.0], [0.0], [0.0], [0.0], [0.0], [0.0], [4.656613e-10], [0.0], [0.0], [0.0], [0.0], [1.1175871e-08], [0.0], [1.6007107e-10], [0.0], [0.0], [5.820766e-10], [0.0], [0.0], [0.0], [1.4551915e-10], [0.0], [0.0], [0.0], [0.0], [0.0], [0.0], [0.0], [0.0], [0.0], [0.0], [0.0], [0.0], [2.3841858e-07], [2.7284841e-11], [0.0], [0.0], [0.0], [0.0], [3.7252903e-08]]
PGI:	[[0.00011679648], [0.00018892107], [0.35655063], [0.06298179], [0.01499237], [0.3583295], [0.12172107], [0.19436935], [0.36539635], [0.0003159262], [6.948213e-05], [0.082504414], [0.000103548635], [0.119602285], [0.04279352], [0.3426224], [0.0048953015], [0.35958442], [5.519584e-07], [0.22426824], [0.0010977341], [0.089674346], [0.28397313], [0.20284864], [0.0012244587], [0.018431393], [0.11824382], [0.030012192], [0.15987384], [0.0001037202], [0.0816558], [0.063979335], [0.03968439], [0.39208314], [0.09765964], [0.00094806356], [0.22885083], [0.054767273], [0.21846342], [0.006962431], [0.05478909], [0.005825706], [0.35588208], [0.17984937], [0.032618295], [0.3014305], [0.00026902225], [0.0005105776], [0.3573107], [0.002106932], [0.12618163], [0.015914714], [0.00066546135], [0.09845975], [0.36083317], [0.00018692785], [9.319643e-05], [0.36470395], [0.26709262], [0.3674374], [0.016615417], [0.06188677], [0.00027510623], [0.059635747], [0.045077063], [0.38062915], [0.00067135255], [0.025095532], [0.21045916], [0.13128236], [0.09139571], [0.0070831603], [0.041982036], [0.357389], [0.3670821], [0.08919037], [2.1489668e-05], [0.114368655], [0.04200898], [0.16843495], [0.3293806], [0.00313295], [0.18491183], [0.0005705302], [0.0023063286], [0.10127301], [0.20236121]]
orig_inds:	[1, 2, 3, 4, 5, 6, 7, 8, 11, 13, 14, 15, 16, 17, 19, 20, 21, 22, 23, 24, 25, 26, 27, 28, 30, 31, 32, 33, 34, 35, 36, 37, 38, 39, 40, 41, 42, 43, 44, 45, 48, 49, 50, 51, 53, 54, 55, 56, 57, 58, 59, 60, 61, 63, 64, 65, 67, 68, 69, 70, 71, 72, 73, 74, 75, 77, 78, 79, 80, 81, 82, 84, 85, 86, 87, 88, 89, 90, 91, 92, 93, 94, 95, 96, 97, 98, 99]
