
FA:	[[0.8], [0.6], [0.6], [0.6], [0.6], [0.4], [0.6], [0.8], [0.6], [0.6], [0.6], [0.2], [0.4], [0.4], [0.6], [0.4], [0.6], [0.6], [0.6], [0.6], [0.6], [0.6], [0.4], [0.6], [0.8], [0.8], [0.6], [0.6], [0.6], [0.6], [0.6], [0.6], [0.6], [0.6], [0.6], [0.6], [0.6], [0.6], [0.6], [0.6], [0.6], [0.6], [0.6], [0.6], [1.0], [0.6], [0.6], [0.6]]
RA:	[[0.4], [0.2], [0.2], [0.2], [0.4], [0.4], [0.0], [0.4], [0.2], [0.4], [0.6], [0.2], [0.2], [0.2], [0.0], [0.0], [0.0], [0.2], [0.2], [0.2], [0.0], [0.6], [0.0], [0.0], [0.4], [0.2], [0.4], [0.0], [0.0], [0.0], [0.0], [0.0], [0.0], [0.2], [0.2], [0.4], [0.4], [0.0], [0.4], [0.0], [0.4], [0.0], [0.0], [0.2], [0.4], [0.2], [0.0], [0.0]]
PGU:	[[0.00070994656], [0.011346363], [0.019391181], [0.0015480072], [0.0021242653], [0.010627003], [0.11442921], [0.013389636], [0.0030750583], [0.001894223], [0.12886745], [0.089466244], [0.03140874], [0.000535605], [0.009220324], [0.13084294], [0.0520382], [0.013540342], [0.015619825], [0.16002274], [0.1125265], [0.0020241395], [0.12321019], [0.0047392254], [0.011804319], [0.06625169], [0.11490918], [0.0004027816], [0.006286464], [7.0027236e-05], [0.0001041245], [0.053632013], [0.10102823], [0.030179217], [0.009845436], [0.16539235], [0.00070615753], [0.04588215], [0.13088119], [0.05825687], [0.1266263], [0.0009305418], [0.031597596], [0.016067244], [0.0009553976], [0.0013377101], [0.015178673], [0.0045770025]]
PGI:	[[0.07673928], [0.18142927], [0.23373972], [0.09705055], [0.08153035], [0.17471953], [0.36826998], [0.21463422], [0.12144627], [0.10509355], [0.36709493], [0.2861036], [0.24201389], [0.03803269], [0.17842788], [0.35989764], [0.30135316], [0.16364826], [0.16705215], [0.36461252], [0.36798567], [0.07996259], [0.32834968], [0.14219666], [0.21285453], [0.33103272], [0.37104332], [0.05810872], [0.15121247], [0.025290059], [0.031323127], [0.2992129], [0.35431355], [0.22042276], [0.18346258], [0.36808047], [0.07151109], [0.28681976], [0.37810218], [0.3096298], [0.3781394], [0.077883676], [0.2663357], [0.2127307], [0.107455984], [0.09337702], [0.21164739], [0.14058407]]
orig_inds:	[1, 2, 5, 7, 8, 11, 13, 16, 18, 19, 21, 22, 24, 26, 29, 30, 31, 35, 37, 38, 41, 42, 44, 45, 47, 49, 53, 54, 55, 58, 61, 62, 65, 67, 70, 74, 78, 80, 81, 83, 84, 85, 89, 92, 94, 95, 96, 97]
