
FA:	[[1.0], [0.5], [0.5], [0.5], [0.5], [1.0], [0.0], [1.0], [0.5], [0.5], [1.0], [0.5], [0.5], [0.5], [0.0], [0.0], [0.0], [0.5], [0.5], [0.5], [0.0], [0.5], [0.5], [0.0], [0.5], [0.5], [1.0], [0.0], [0.0], [0.0], [0.0], [0.0], [0.0], [0.5], [0.5], [0.0], [0.5], [0.0], [1.0], [0.0], [1.0], [0.0], [0.0], [0.5], [0.5], [0.5], [0.0], [0.0]]
RA:	[[1.0], [0.5], [0.5], [0.0], [0.5], [1.0], [0.0], [1.0], [0.5], [0.5], [1.0], [0.5], [0.5], [0.5], [0.0], [0.0], [0.0], [0.5], [0.5], [0.5], [0.0], [0.5], [0.0], [0.0], [0.0], [0.5], [1.0], [0.0], [0.0], [0.0], [0.0], [0.0], [0.0], [0.5], [0.5], [0.0], [0.5], [0.0], [1.0], [0.0], [1.0], [0.0], [0.0], [0.5], [0.5], [0.5], [0.0], [0.0]]
PGU:	[[0.0011876308], [0.02421448], [0.04298386], [0.0037581641], [0.0024504059], [0.012364167], [0.36861637], [0.021816947], [0.0068931305], [0.004464344], [0.14322369], [0.09186976], [0.04965642], [0.00062483543], [0.18133652], [0.36160895], [0.30302405], [0.015487466], [0.01791339], [0.18621497], [0.3646676], [0.0028498063], [0.13545012], [0.14832968], [0.03554098], [0.123263806], [0.14893289], [0.061759163], [0.16172618], [0.026427737], [0.03111215], [0.3096784], [0.3556348], [0.040013228], [0.023155969], [0.37380505], [0.0015622897], [0.28673467], [0.15950653], [0.31327096], [0.1635306], [0.07953809], [0.27327546], [0.03541828], [0.004171401], [0.003268043], [0.21011654], [0.14978774]]
PGI:	[[0.075077355], [0.17900927], [0.22623205], [0.09220692], [0.0785899], [0.1694412], [0.06197079], [0.21173887], [0.117341384], [0.098443], [0.3655623], [0.2822368], [0.2354067], [0.03985678], [0.0043888832], [0.057216942], [0.026629044], [0.16244793], [0.16848943], [0.36659184], [0.061760407], [0.08304891], [0.32712033], [0.002284011], [0.21131328], [0.32553995], [0.36661345], [0.00018753507], [0.0030118157], [3.2757045e-05], [4.863052e-05], [0.027065357], [0.054889068], [0.21487679], [0.17886424], [0.06578616], [0.06716546], [0.023198621], [0.37764952], [0.029955637], [0.37773153], [0.0004335896], [0.015510745], [0.21586712], [0.09996426], [0.08462493], [0.007229133], [0.0021460138]]
orig_inds:	[1, 2, 5, 7, 8, 11, 13, 16, 18, 19, 21, 22, 24, 26, 29, 30, 31, 35, 37, 38, 41, 42, 44, 45, 47, 49, 53, 54, 55, 58, 61, 62, 65, 67, 70, 74, 78, 80, 81, 83, 84, 85, 89, 92, 94, 95, 96, 97]
