
FA:	[0.8291666666666666, 0.5958333333333332, 0.5333333333333332, 0.5541666666666667, 0.6166666666666667, 0.7166666666666667, 0.2833333333333333, 0.7666666666666666, 0.6166666666666667, 0.5333333333333332, 0.7416666666666667, 0.4208333333333333, 0.5916666666666667, 0.44583333333333325, 0.2833333333333333, 0.2583333333333333, 0.2833333333333333, 0.5333333333333332, 0.5333333333333332, 0.5333333333333332, 0.2833333333333333, 0.5333333333333332, 0.3208333333333333, 0.2833333333333333, 0.5791666666666666, 0.6416666666666666, 0.7416666666666667, 0.2833333333333333, 0.2833333333333333, 0.2833333333333333, 0.2833333333333333, 0.2833333333333333, 0.2833333333333333, 0.47083333333333327, 0.5333333333333332, 0.2833333333333333, 0.5333333333333332, 0.2833333333333333, 0.7416666666666667, 0.2833333333333333, 0.7416666666666667, 0.2833333333333333, 0.2833333333333333, 0.5333333333333332, 0.7291666666666666, 0.5333333333333332, 0.2833333333333333, 0.2833333333333333]
RA:	[0.7166666666666667, 0.4208333333333333, 0.4208333333333333, 0.0875, 0.5916666666666667, 0.7166666666666667, 0.0, 0.7166666666666667, 0.4208333333333333, 0.44583333333333325, 0.7416666666666667, 0.4208333333333333, 0.4208333333333333, 0.4208333333333333, 0.0, 0.0, 0.0, 0.4208333333333333, 0.4208333333333333, 0.4208333333333333, 0.0, 0.5333333333333332, 0.0, 0.0, 0.1125, 0.4208333333333333, 0.7166666666666667, 0.0, 0.0, 0.0, 0.0, 0.0, 0.0, 0.4208333333333333, 0.4208333333333333, 0.1125, 0.44583333333333325, 0.0, 0.7166666666666667, 0.0, 0.7166666666666667, 0.0, 0.0, 0.4208333333333333, 0.5916666666666667, 0.4208333333333333, 0.0, 0.0]
PGU:	[0.0010461138299433514, 0.018808273365721107, 0.036039795726537704, 0.01466750173131004, 0.002338759135454893, 0.01256698789075017, 0.2782376669347286, 0.020877369679510593, 0.004788658116012812, 0.003609759092796594, 0.1482108049094677, 0.09202022664248943, 0.0383945107460022, 0.0005496796511579305, 0.12073491746559739, 0.2754986919462681, 0.21036910638213158, 0.014472088078036904, 0.016639012610539794, 0.17318884283304214, 0.27859586477279663, 0.0026852936716750264, 0.1581229791045189, 0.09403942502103746, 0.046347402734681964, 0.1145278811454773, 0.14934347569942474, 0.036218949942849576, 0.10381502856034786, 0.015967319890478393, 0.01945801859801577, 0.21211175061762333, 0.2677515149116516, 0.03648534510284662, 0.01905520958825946, 0.2540610432624817, 0.0013210161414463073, 0.20295548625290394, 0.15283096209168434, 0.22010506689548492, 0.15865770354866982, 0.050298604182899, 0.17865463439375162, 0.030107695143669844, 0.0034918197197839618, 0.002692187379579991, 0.13942301739007235, 0.09290399972815067]
PGI:	[0.07358241267502308, 0.18516695871949196, 0.22311273589730263, 0.08508581854403019, 0.08198240213096142, 0.17309069633483887, 0.19853162951767445, 0.2100856453180313, 0.12001604028046131, 0.09879326820373535, 0.3641236498951912, 0.28359874337911606, 0.23979102447628975, 0.04005807265639305, 0.07309543190058321, 0.19107546098530293, 0.14058978389948606, 0.16482271626591682, 0.17104347795248032, 0.36610323935747147, 0.1982907922938466, 0.08299815282225609, 0.29139410331845284, 0.058499530772678554, 0.1884443536400795, 0.3246857151389122, 0.36764781177043915, 0.021618403909087647, 0.06218327034730464, 0.0094263352566486, 0.01106068543776928, 0.14261390268802643, 0.18836128059774637, 0.22106566280126572, 0.18092090636491776, 0.2553899213671684, 0.06579863652586937, 0.13349833339452744, 0.3765125125646591, 0.14791336562484503, 0.3781655803322792, 0.029980181061546318, 0.11482949694618583, 0.211880125105381, 0.10167470946907997, 0.08954837173223495, 0.0871542114764452, 0.05574785824865103]
orig_inds:	[1, 2, 5, 7, 8, 11, 13, 16, 18, 19, 21, 22, 24, 26, 29, 30, 31, 35, 37, 38, 41, 42, 44, 45, 47, 49, 53, 54, 55, 58, 61, 62, 65, 67, 70, 74, 78, 80, 81, 83, 84, 85, 89, 92, 94, 95, 96, 97]
