
FA:	[[0.6666666666666666], [0.3333333333333333], [0.3333333333333333], [0.6666666666666666], [0.6666666666666666], [0.6666666666666666], [0.3333333333333333], [0.6666666666666666], [0.6666666666666666], [0.3333333333333333], [0.6666666666666666], [0.3333333333333333], [0.6666666666666666], [0.3333333333333333], [0.3333333333333333], [0.3333333333333333], [0.3333333333333333], [0.3333333333333333], [0.3333333333333333], [0.3333333333333333], [0.3333333333333333], [0.3333333333333333], [0.3333333333333333], [0.3333333333333333], [0.6666666666666666], [0.6666666666666666], [0.6666666666666666], [0.3333333333333333], [0.3333333333333333], [0.3333333333333333], [0.3333333333333333], [0.3333333333333333], [0.3333333333333333], [0.3333333333333333], [0.3333333333333333], [0.3333333333333333], [0.3333333333333333], [0.3333333333333333], [0.6666666666666666], [0.3333333333333333], [0.6666666666666666], [0.3333333333333333], [0.3333333333333333], [0.3333333333333333], [0.6666666666666666], [0.3333333333333333], [0.3333333333333333], [0.3333333333333333]]
RA:	[[0.6666666666666666], [0.3333333333333333], [0.3333333333333333], [0.0], [0.6666666666666666], [0.6666666666666666], [0.0], [0.6666666666666666], [0.3333333333333333], [0.3333333333333333], [0.6666666666666666], [0.3333333333333333], [0.3333333333333333], [0.3333333333333333], [0.0], [0.0], [0.0], [0.3333333333333333], [0.3333333333333333], [0.3333333333333333], [0.0], [0.3333333333333333], [0.0], [0.0], [0.0], [0.3333333333333333], [0.6666666666666666], [0.0], [0.0], [0.0], [0.0], [0.0], [0.0], [0.3333333333333333], [0.3333333333333333], [0.0], [0.3333333333333333], [0.0], [0.6666666666666666], [0.0], [0.6666666666666666], [0.0], [0.0], [0.3333333333333333], [0.6666666666666666], [0.3333333333333333], [0.0], [0.0]]
PGU:	[[0.00092484953], [0.021354724], [0.042413127], [0.0020749734], [0.0020932127], [0.012132665], [0.36844337], [0.018257823], [0.0039255475], [0.004305917], [0.14373681], [0.093873605], [0.03176041], [0.00052836136], [0.18156394], [0.36312506], [0.295449], [0.013342195], [0.015177208], [0.171658], [0.36329702], [0.002833075], [0.13469002], [0.14455613], [0.021375671], [0.11515514], [0.14923084], [0.05326215], [0.15499444], [0.023654018], [0.029926347], [0.29890245], [0.35333923], [0.035750784], [0.023060912], [0.19242601], [0.0016458385], [0.29318595], [0.14869931], [0.31062403], [0.15437406], [0.07891523], [0.26433864], [0.03614679], [0.0036273368], [0.003295599], [0.20647888], [0.14324582]]
PGI:	[[0.07514543], [0.17695932], [0.23037446], [0.10353982], [0.08230555], [0.16519982], [0.14966656], [0.21626453], [0.119185425], [0.09717177], [0.36366358], [0.2860104], [0.24193475], [0.039797235], [0.014043464], [0.14063516], [0.074633054], [0.16301462], [0.1735501], [0.36802518], [0.14786543], [0.07961247], [0.33488077], [0.0074570472], [0.2105948], [0.32451007], [0.37010005], [0.00064920675], [0.009811409], [0.000108851375], [0.00016931693], [0.075876385], [0.13574393], [0.22103076], [0.17729308], [0.3687807], [0.066030316], [0.06644025], [0.37792587], [0.08258325], [0.37896872], [0.0014725738], [0.046940684], [0.212798], [0.10655746], [0.08271098], [0.022998601], [0.0069056503]]
orig_inds:	[1, 2, 5, 7, 8, 11, 13, 16, 18, 19, 21, 22, 24, 26, 29, 30, 31, 35, 37, 38, 41, 42, 44, 45, 47, 49, 53, 54, 55, 58, 61, 62, 65, 67, 70, 74, 78, 80, 81, 83, 84, 85, 89, 92, 94, 95, 96, 97]
