
FA:	[[0.75], [0.75], [0.5], [0.75], [0.5], [0.5], [0.5], [0.5], [0.5], [0.5], [0.5], [0.25], [0.5], [0.25], [0.5], [0.5], [0.5], [0.5], [0.5], [0.5], [0.5], [0.5], [0.25], [0.5], [0.75], [0.5], [0.5], [0.5], [0.5], [0.5], [0.5], [0.5], [0.5], [0.25], [0.5], [0.5], [0.5], [0.5], [0.5], [0.5], [0.5], [0.5], [0.5], [0.5], [0.75], [0.5], [0.5], [0.5]]
RA:	[[0.5], [0.25], [0.25], [0.25], [0.5], [0.5], [0.0], [0.5], [0.25], [0.25], [0.5], [0.25], [0.25], [0.25], [0.0], [0.0], [0.0], [0.25], [0.25], [0.25], [0.0], [0.5], [0.0], [0.0], [0.25], [0.25], [0.5], [0.0], [0.0], [0.0], [0.0], [0.0], [0.0], [0.25], [0.25], [0.25], [0.25], [0.0], [0.5], [0.0], [0.5], [0.0], [0.0], [0.25], [0.5], [0.25], [0.0], [0.0]]
PGU:	[[0.0006929917], [0.011566164], [0.02522133], [0.001551275], [0.0020980365], [0.010890195], [0.13926405], [0.018262036], [0.003111057], [0.0024017554], [0.1444235], [0.09299145], [0.030816913], [0.000507145], [0.012191491], [0.12794441], [0.06679699], [0.013619133], [0.01536792], [0.16022962], [0.13843825], [0.0024310278], [0.1340818], [0.006335689], [0.01605392], [0.113747984], [0.13731456], [0.00055324874], [0.008253728], [9.343098e-05], [0.00014395271], [0.067851365], [0.12332679], [0.035952505], [0.013212666], [0.17847939], [0.0008757775], [0.059144024], [0.1303321], [0.07345104], [0.15289792], [0.0012303856], [0.041269183], [0.021504221], [0.0030707472], [0.001774093], [0.020253956], [0.006158626]]
PGI:	[[0.077278495], [0.18690412], [0.22496678], [0.09993575], [0.08379714], [0.17211506], [0.3672551], [0.21259597], [0.11816689], [0.10498263], [0.36997655], [0.28682435], [0.23540595], [0.042673238], [0.18024252], [0.36215383], [0.30444452], [0.1624655], [0.17197385], [0.36703682], [0.36293757], [0.08338342], [0.3244252], [0.14994703], [0.21276025], [0.32689387], [0.37039906], [0.05394572], [0.15523095], [0.024026029], [0.029756904], [0.29595354], [0.35642543], [0.21442673], [0.1831226], [0.37273583], [0.06840449], [0.29096368], [0.37679034], [0.30571586], [0.37869018], [0.07701826], [0.262531], [0.21800686], [0.10640353], [0.09333399], [0.19924869], [0.1436086]]
orig_inds:	[1, 2, 5, 7, 8, 11, 13, 16, 18, 19, 21, 22, 24, 26, 29, 30, 31, 35, 37, 38, 41, 42, 44, 45, 47, 49, 53, 54, 55, 58, 61, 62, 65, 67, 70, 74, 78, 80, 81, 83, 84, 85, 89, 92, 94, 95, 96, 97]
