
FA:	[0.9166666666666666, 0.5833333333333333, 0.5833333333333333, 0.41666666666666663, 0.6666666666666666, 0.9166666666666666, 0.08333333333333333, 0.9166666666666666, 0.6666666666666666, 0.5833333333333333, 0.9166666666666666, 0.5833333333333333, 0.6666666666666666, 0.5833333333333333, 0.08333333333333333, 0.08333333333333333, 0.08333333333333333, 0.5833333333333333, 0.5833333333333333, 0.5833333333333333, 0.08333333333333333, 0.5833333333333333, 0.3333333333333333, 0.08333333333333333, 0.41666666666666663, 0.6666666666666666, 0.9166666666666666, 0.08333333333333333, 0.08333333333333333, 0.08333333333333333, 0.08333333333333333, 0.08333333333333333, 0.08333333333333333, 0.5833333333333333, 0.5833333333333333, 0.08333333333333333, 0.5833333333333333, 0.08333333333333333, 0.9166666666666666, 0.08333333333333333, 0.9166666666666666, 0.08333333333333333, 0.08333333333333333, 0.5833333333333333, 0.6666666666666666, 0.5833333333333333, 0.08333333333333333, 0.08333333333333333]
RA:	[0.9166666666666666, 0.5833333333333333, 0.5833333333333333, 0.0, 0.6666666666666666, 0.9166666666666666, 0.0, 0.9166666666666666, 0.5833333333333333, 0.5833333333333333, 0.9166666666666666, 0.5833333333333333, 0.5833333333333333, 0.5833333333333333, 0.0, 0.0, 0.0, 0.5833333333333333, 0.5833333333333333, 0.5833333333333333, 0.0, 0.5833333333333333, 0.0, 0.0, 0.0, 0.5833333333333333, 0.9166666666666666, 0.0, 0.0, 0.0, 0.0, 0.0, 0.0, 0.5833333333333333, 0.5833333333333333, 0.0, 0.5833333333333333, 0.0, 0.9166666666666666, 0.0, 0.9166666666666666, 0.0, 0.0, 0.5833333333333333, 0.6666666666666666, 0.5833333333333333, 0.0, 0.0]
PGU:	[0.001308932201936841, 0.02324283216148615, 0.04337695986032486, 0.026628099847584963, 0.002556055085733533, 0.013940739445388317, 0.3673665374517441, 0.024670658633112907, 0.006181491771712899, 0.004376714816316962, 0.15576046705245972, 0.09210822358727455, 0.0461687371134758, 0.0006043906032573432, 0.1823601797223091, 0.36187759041786194, 0.30252110958099365, 0.01565249776467681, 0.017992659471929073, 0.18362874537706375, 0.3684563934803009, 0.0028917831368744373, 0.185053750872612, 0.14953690022230148, 0.07702756021171808, 0.12536181509494781, 0.16070262342691422, 0.05824747309088707, 0.16179358959197998, 0.024967722594738007, 0.03213214501738548, 0.3055984377861023, 0.3591207265853882, 0.04020994156599045, 0.02279712352901697, 0.3282923847436905, 0.0016287915059365332, 0.2890009135007858, 0.16741663217544556, 0.31279847025871277, 0.17293136566877365, 0.08043688535690308, 0.26169542968273163, 0.03640906699001789, 0.004294609650969505, 0.0032897840719670057, 0.21348223090171814, 0.14471285045146942]
PGI:	[0.07088232040405273, 0.18014273047447205, 0.22104743868112564, 0.07033336535096169, 0.07935545220971107, 0.16797327995300293, 0.08351064473390579, 0.20421142131090164, 0.11608350276947021, 0.09811414405703545, 0.36509139835834503, 0.27852663397789, 0.23598461598157883, 0.03927196003496647, 0.00670133251696825, 0.07745863869786263, 0.03856952115893364, 0.1618313193321228, 0.17295753210783005, 0.36416013538837433, 0.08288726583123207, 0.08077939972281456, 0.25680026412010193, 0.003574795904569328, 0.16021563112735748, 0.324760377407074, 0.36753591895103455, 0.00030033158691367134, 0.0045362020609900355, 5.1847309805452824e-05, 7.774697769491468e-05, 0.03920560237020254, 0.07478963956236839, 0.21533968299627304, 0.18545310199260712, 0.14164023101329803, 0.06492896378040314, 0.03384088072925806, 0.37570175528526306, 0.043228017166256905, 0.37816092371940613, 0.0006812644423916936, 0.023251346312463284, 0.2092599868774414, 0.1025649718940258, 0.08636392652988434, 0.011072984430938959, 0.0033990207593888044]
orig_inds:	[1, 2, 5, 7, 8, 11, 13, 16, 18, 19, 21, 22, 24, 26, 29, 30, 31, 35, 37, 38, 41, 42, 44, 45, 47, 49, 53, 54, 55, 58, 61, 62, 65, 67, 70, 74, 78, 80, 81, 83, 84, 85, 89, 92, 94, 95, 96, 97]
