
FA:	[0.8472222222222221, 0.5694444444444444, 0.5277777777777777, 0.5138888888888888, 0.6388888888888888, 0.8055555555555555, 0.19444444444444445, 0.8055555555555555, 0.6388888888888888, 0.5277777777777777, 0.8055555555555555, 0.48611111111111105, 0.6388888888888888, 0.48611111111111105, 0.19444444444444445, 0.19444444444444445, 0.19444444444444445, 0.5277777777777777, 0.5277777777777777, 0.5277777777777777, 0.19444444444444445, 0.5277777777777777, 0.3194444444444444, 0.19444444444444445, 0.5138888888888888, 0.6388888888888888, 0.8055555555555555, 0.19444444444444445, 0.19444444444444445, 0.19444444444444445, 0.19444444444444445, 0.19444444444444445, 0.19444444444444445, 0.48611111111111105, 0.5277777777777777, 0.19444444444444445, 0.5277777777777777, 0.19444444444444445, 0.8055555555555555, 0.19444444444444445, 0.8055555555555555, 0.19444444444444445, 0.19444444444444445, 0.5277777777777777, 0.6805555555555556, 0.5277777777777777, 0.19444444444444445, 0.19444444444444445]
RA:	[0.8055555555555555, 0.48611111111111105, 0.48611111111111105, 0.04166666666666667, 0.6388888888888888, 0.8055555555555555, 0.0, 0.8055555555555555, 0.48611111111111105, 0.48611111111111105, 0.8055555555555555, 0.48611111111111105, 0.48611111111111105, 0.48611111111111105, 0.0, 0.0, 0.0, 0.48611111111111105, 0.48611111111111105, 0.48611111111111105, 0.0, 0.5277777777777777, 0.0, 0.0, 0.04166666666666667, 0.48611111111111105, 0.8055555555555555, 0.0, 0.0, 0.0, 0.0, 0.0, 0.0, 0.48611111111111105, 0.48611111111111105, 0.04166666666666667, 0.48611111111111105, 0.0, 0.8055555555555555, 0.0, 0.8055555555555555, 0.0, 0.0, 0.48611111111111105, 0.6388888888888888, 0.48611111111111105, 0.0, 0.0]
PGU:	[0.0011677448249732454, 0.021344760432839394, 0.040040252109368644, 0.01919169095344841, 0.0023967265927543244, 0.013175950696070988, 0.3300337493419647, 0.022327793141206104, 0.005354620671520631, 0.004202010420461495, 0.15232447783152261, 0.0942913293838501, 0.040493679543336235, 0.0005714195237184565, 0.15464696288108826, 0.32307811081409454, 0.26110850771268207, 0.014873877478142578, 0.016907895915210247, 0.1786784827709198, 0.33024100462595624, 0.0028013885021209717, 0.1681691805521647, 0.12383819371461868, 0.05782476315895716, 0.12083774308363597, 0.15604132413864136, 0.04937084267536799, 0.13252228995164234, 0.02106308750808239, 0.02488456821690003, 0.262151762843132, 0.3182586779197057, 0.03816659500201543, 0.021516344820459686, 0.2801450192928314, 0.0015178145840764046, 0.25410862267017365, 0.15891962250073752, 0.2699824124574661, 0.16573392848173776, 0.06907557447751364, 0.2213170826435089, 0.033585451543331146, 0.003958557965233922, 0.003105009828383724, 0.17817620436350506, 0.11890292664368947]
PGI:	[0.07349544266859691, 0.17932104070981345, 0.22676323850949606, 0.08025709663828215, 0.08009079347054164, 0.1691425492366155, 0.1420532912015915, 0.20591086149215698, 0.11840148021777472, 0.0992686649163564, 0.364472895860672, 0.28372278809547424, 0.23498659829298657, 0.0409332737326622, 0.03661079363276561, 0.13495503986875218, 0.08863801136612892, 0.16153622666994732, 0.16882120072841644, 0.36551562945048016, 0.14190426220496496, 0.08183377732833227, 0.2794218361377716, 0.027861996864279114, 0.1794387275973956, 0.3247222304344177, 0.36908647418022156, 0.009722011483972894, 0.03088845436771711, 0.0042193525441689425, 0.004989138210172921, 0.08929187431931497, 0.13206149637699127, 0.22035277883211773, 0.1810052990913391, 0.21572905282179516, 0.0645589530467987, 0.0810253197948138, 0.37618938088417053, 0.09385613103707632, 0.37718505660692847, 0.013909248198615389, 0.0678150017435352, 0.21014883120854694, 0.10215072333812714, 0.08786307275295258, 0.04640257544815541, 0.02729320215682189]
orig_inds:	[1, 2, 5, 7, 8, 11, 13, 16, 18, 19, 21, 22, 24, 26, 29, 30, 31, 35, 37, 38, 41, 42, 44, 45, 47, 49, 53, 54, 55, 58, 61, 62, 65, 67, 70, 74, 78, 80, 81, 83, 84, 85, 89, 92, 94, 95, 96, 97]
