
FA:	[1.0, 0.75, 0.75, 0.25, 0.75, 1.0, 0.0, 1.0, 0.75, 0.75, 1.0, 0.75, 0.75, 0.75, 0.0, 0.0, 0.0, 0.75, 0.75, 0.75, 0.0, 0.75, 0.25, 0.0, 0.25, 0.75, 1.0, 0.0, 0.0, 0.0, 0.0, 0.0, 0.0, 0.75, 0.75, 0.0, 0.75, 0.0, 1.0, 0.0, 1.0, 0.0, 0.0, 0.75, 0.75, 0.75, 0.0, 0.0]
RA:	[1.0, 0.75, 0.75, 0.0, 0.75, 1.0, 0.0, 1.0, 0.75, 0.75, 1.0, 0.75, 0.75, 0.75, 0.0, 0.0, 0.0, 0.75, 0.75, 0.75, 0.0, 0.75, 0.0, 0.0, 0.0, 0.75, 1.0, 0.0, 0.0, 0.0, 0.0, 0.0, 0.0, 0.75, 0.75, 0.0, 0.75, 0.0, 1.0, 0.0, 1.0, 0.0, 0.0, 0.75, 0.75, 0.75, 0.0, 0.0]
PGU:	[0.001624983735382557, 0.024067942053079605, 0.04355854541063309, 0.0514715313911438, 0.0026812946889549494, 0.015988266095519066, 0.36897629499435425, 0.02835741825401783, 0.007075582630932331, 0.004589480347931385, 0.16720151901245117, 0.09290976077318192, 0.05131020396947861, 0.0006142681813798845, 0.18586865067481995, 0.361132949590683, 0.3049522638320923, 0.016643622890114784, 0.01913488283753395, 0.18869486451148987, 0.36865130066871643, 0.002937403041869402, 0.23460498452186584, 0.14566347002983093, 0.1272345781326294, 0.12892398238182068, 0.17132210731506348, 0.05815978720784187, 0.15871521830558777, 0.026533164083957672, 0.0324421152472496, 0.30699336528778076, 0.35845455527305603, 0.04215063154697418, 0.023530157282948494, 0.3727791905403137, 0.0016868209931999445, 0.2897084951400757, 0.18228143453598022, 0.31059539318084717, 0.1857038140296936, 0.08411262929439545, 0.2628783583641052, 0.03799942135810852, 0.0048047578893601894, 0.003462352557107806, 0.21258710324764252, 0.14260604977607727]
PGI:	[0.07234318554401398, 0.18125112354755402, 0.22386792302131653, 0.047195982187986374, 0.08058907091617584, 0.17143386602401733, 0.06145218759775162, 0.20532819628715515, 0.11424104124307632, 0.09885604679584503, 0.36099234223365784, 0.2821929454803467, 0.23486334085464478, 0.03840081766247749, 0.004346681758761406, 0.05655431002378464, 0.026767484843730927, 0.16237664222717285, 0.16853344440460205, 0.36580270528793335, 0.061035580933094025, 0.08006641268730164, 0.18223966658115387, 0.0022415427956730127, 0.10593072324991226, 0.32576894760131836, 0.367714524269104, 0.00018803721468430012, 0.002923754043877125, 3.205328175681643e-05, 4.838924724026583e-05, 0.027041936293244362, 0.054314881563186646, 0.21605777740478516, 0.18353253602981567, 0.0645025372505188, 0.06446384638547897, 0.02277062088251114, 0.375989705324173, 0.029880326241254807, 0.37741702795028687, 0.00043213763274252415, 0.015554534271359444, 0.21077880263328552, 0.09893730282783508, 0.08592166006565094, 0.007114816457033157, 0.002133609727025032]
orig_inds:	[1, 2, 5, 7, 8, 11, 13, 16, 18, 19, 21, 22, 24, 26, 29, 30, 31, 35, 37, 38, 41, 42, 44, 45, 47, 49, 53, 54, 55, 58, 61, 62, 65, 67, 70, 74, 78, 80, 81, 83, 84, 85, 89, 92, 94, 95, 96, 97]
