
FA:	[[1.0], [1.0], [1.0], [0.0], [1.0], [1.0], [0.0], [1.0], [1.0], [1.0], [1.0], [1.0], [1.0], [1.0], [0.0], [0.0], [0.0], [1.0], [1.0], [1.0], [0.0], [1.0], [0.0], [0.0], [0.0], [1.0], [1.0], [0.0], [0.0], [0.0], [0.0], [0.0], [0.0], [1.0], [1.0], [0.0], [1.0], [0.0], [1.0], [0.0], [1.0], [0.0], [0.0], [1.0], [1.0], [1.0], [0.0], [0.0]]
RA:	[[1.0], [1.0], [1.0], [0.0], [1.0], [1.0], [0.0], [1.0], [1.0], [1.0], [1.0], [1.0], [1.0], [1.0], [0.0], [0.0], [0.0], [1.0], [1.0], [1.0], [0.0], [1.0], [0.0], [0.0], [0.0], [1.0], [1.0], [0.0], [0.0], [0.0], [0.0], [0.0], [0.0], [1.0], [1.0], [0.0], [1.0], [0.0], [1.0], [0.0], [1.0], [0.0], [0.0], [1.0], [1.0], [1.0], [0.0], [0.0]]
PGU:	[[0.0020998782], [0.024199264], [0.045117095], [0.10062771], [0.0029423086], [0.019733053], [0.370975], [0.03422505], [0.00735056], [0.0047969683], [0.18616888], [0.09108617], [0.052661043], [0.0006060248], [0.18793423], [0.3583406], [0.2996631], [0.017521493], [0.021337785], [0.1878201], [0.3692279], [0.003093962], [0.33448735], [0.1508121], [0.21480092], [0.13380064], [0.19046828], [0.056536388], [0.16201393], [0.026140485], [0.03254729], [0.30514598], [0.35843706], [0.04374267], [0.02439845], [0.37646276], [0.0017451589], [0.2928459], [0.2040963], [0.31283244], [0.20816247], [0.08253542], [0.26403135], [0.037694428], [0.005080031], [0.0035624313], [0.20957246], [0.1499059]]
PGI:	[[0.06321099], [0.17602009], [0.22349843], [0.0007148579], [0.08037999], [0.16478577], [0.0604397], [0.2065438], [0.116492175], [0.10220342], [0.361016], [0.28150994], [0.23208848], [0.039514776], [0.004275863], [0.056212407], [0.026300931], [0.15929745], [0.16788983], [0.3623457], [0.06117131], [0.08119858], [0.03968322], [0.0022002042], [0.0077638594], [0.32097918], [0.367756], [0.00018734224], [0.0028878248], [3.136687e-05], [4.796491e-05], [0.027066162], [0.053802107], [0.22603767], [0.17944384], [0.06390042], [0.06473894], [0.022738403], [0.3734941], [0.029488476], [0.37677962], [0.00042213692], [0.015340583], [0.21247634], [0.101274624], [0.085695595], [0.0069692633], [0.0021120498]]
orig_inds:	[1, 2, 5, 7, 8, 11, 13, 16, 18, 19, 21, 22, 24, 26, 29, 30, 31, 35, 37, 38, 41, 42, 44, 45, 47, 49, 53, 54, 55, 58, 61, 62, 65, 67, 70, 74, 78, 80, 81, 83, 84, 85, 89, 92, 94, 95, 96, 97]
