
FA:	[[1.0], [1.0], [1.0], [0.0], [1.0], [1.0], [0.0], [1.0], [1.0], [1.0], [1.0], [1.0], [1.0], [1.0], [0.0], [0.0], [0.0], [1.0], [1.0], [1.0], [0.0], [1.0], [0.0], [0.0], [0.0], [1.0], [1.0], [0.0], [0.0], [0.0], [0.0], [0.0], [0.0], [1.0], [1.0], [0.0], [1.0], [0.0], [1.0], [0.0], [1.0], [0.0], [0.0], [1.0], [1.0], [1.0], [0.0], [0.0]]
RA:	[[1.0], [1.0], [1.0], [0.0], [1.0], [1.0], [0.0], [1.0], [1.0], [1.0], [1.0], [1.0], [1.0], [1.0], [0.0], [0.0], [0.0], [1.0], [1.0], [1.0], [0.0], [1.0], [0.0], [0.0], [0.0], [1.0], [1.0], [0.0], [0.0], [0.0], [0.0], [0.0], [0.0], [1.0], [1.0], [0.0], [1.0], [0.0], [1.0], [0.0], [1.0], [0.0], [0.0], [1.0], [1.0], [1.0], [0.0], [0.0]]
PGU:	[[0.0020673776], [0.02372355], [0.044623893], [0.101618186], [0.002927912], [0.019811187], [0.36824468], [0.036298927], [0.007155047], [0.004773416], [0.18501715], [0.09302109], [0.053490605], [0.00062819937], [0.1867154], [0.3661224], [0.29944256], [0.017956933], [0.020427551], [0.19054681], [0.369786], [0.0031168985], [0.33448905], [0.14821847], [0.21951953], [0.13623093], [0.19103295], [0.058929823], [0.16192476], [0.027231002], [0.033720084], [0.30628434], [0.36079258], [0.043831877], [0.024643026], [0.37712237], [0.0017994505], [0.2948574], [0.20413359], [0.3086971], [0.20779376], [0.08263827], [0.25932378], [0.03746535], [0.004939211], [0.0035523688], [0.21136065], [0.1450063]]
PGI:	[[0.06715228], [0.18495362], [0.22848152], [0.00070804206], [0.08067244], [0.16395275], [0.061276928], [0.20653857], [0.112745054], [0.09694258], [0.36274213], [0.28809193], [0.23129593], [0.037347868], [0.0043544816], [0.05625949], [0.026275342], [0.16456114], [0.16773798], [0.3646217], [0.0605753], [0.081608035], [0.039412517], [0.002243545], [0.0077066794], [0.318491], [0.36779946], [0.00018421152], [0.0029245662], [3.2139913e-05], [4.839974e-05], [0.026945898], [0.05396737], [0.21353506], [0.18029545], [0.064180925], [0.06641069], [0.022570347], [0.37249607], [0.02940795], [0.3765531], [0.00042194492], [0.015156306], [0.21230341], [0.09843629], [0.085828714], [0.0070428667], [0.002110947]]
orig_inds:	[1, 2, 5, 7, 8, 11, 13, 16, 18, 19, 21, 22, 24, 26, 29, 30, 31, 35, 37, 38, 41, 42, 44, 45, 47, 49, 53, 54, 55, 58, 61, 62, 65, 67, 70, 74, 78, 80, 81, 83, 84, 85, 89, 92, 94, 95, 96, 97]
