
FA:	[[1.0], [1.0], [1.0], [1.0], [1.0], [1.0], [1.0], [1.0], [1.0], [1.0], [1.0], [1.0], [1.0], [1.0], [1.0], [1.0], [1.0], [1.0], [1.0], [1.0], [1.0], [1.0], [1.0], [1.0], [1.0], [1.0], [1.0], [1.0], [1.0], [1.0], [1.0], [1.0], [1.0], [1.0], [1.0], [1.0], [1.0], [1.0], [1.0], [1.0], [1.0], [1.0], [1.0], [1.0], [1.0], [1.0], [1.0], [1.0], [1.0], [1.0], [1.0], [1.0], [1.0], [1.0], [1.0], [1.0], [1.0], [1.0], [1.0], [1.0], [1.0], [1.0], [1.0], [1.0], [1.0], [1.0], [1.0], [1.0], [1.0], [1.0], [1.0], [1.0], [1.0], [1.0], [1.0], [1.0], [1.0], [1.0], [1.0], [1.0], [1.0], [1.0], [1.0], [1.0]]
RA:	[[0.5], [1.0], [0.5], [1.0], [0.5], [0.5], [0.5], [1.0], [1.0], [0.5], [1.0], [1.0], [0.25], [0.5], [0.5], [0.5], [0.5], [0.5], [1.0], [1.0], [1.0], [0.25], [0.5], [1.0], [1.0], [1.0], [0.5], [0.5], [0.5], [0.5], [0.5], [0.5], [0.5], [0.5], [0.5], [0.5], [1.0], [1.0], [0.5], [0.5], [1.0], [0.5], [1.0], [0.5], [1.0], [1.0], [0.5], [1.0], [1.0], [0.5], [0.5], [0.5], [0.5], [1.0], [0.5], [0.5], [1.0], [0.5], [1.0], [1.0], [0.5], [0.5], [0.5], [0.5], [0.5], [0.5], [0.5], [0.25], [0.25], [0.5], [0.5], [0.5], [0.5], [0.5], [1.0], [0.5], [0.5], [1.0], [0.5], [0.5], [1.0], [1.0], [0.5], [1.0]]
PGU:	[[0.0], [0.0], [0.0], [0.0], [0.0], [0.0], [0.0], [0.0], [0.0], [0.0], [0.0], [5.9604645e-08], [0.0], [0.0], [0.0], [0.0], [0.0], [0.0], [0.0], [0.0], [0.0], [0.0], [0.0], [0.0], [0.0], [0.0], [0.0], [0.0], [0.0], [0.0], [0.0], [0.0], [0.0], [0.0], [0.0], [0.0], [0.0], [0.0], [0.0], [0.0], [0.0], [0.0], [0.0], [0.0], [0.0], [0.0], [0.0], [0.0], [0.0], [0.0], [0.0], [0.0], [0.0], [0.0], [0.0], [0.0], [2.9802322e-08], [0.0], [0.0], [0.0], [0.0], [0.0], [0.0], [0.0], [0.0], [0.0], [0.0], [0.0], [0.0], [0.0], [0.0], [0.0], [0.0], [0.0], [0.0], [0.0], [0.0], [0.0], [0.0], [0.0], [2.9802322e-08], [0.0], [0.0], [0.0]]
PGI:	[[0.042318556], [0.042515554], [0.046993535], [0.043328553], [0.041118354], [0.04690974], [0.040066745], [0.0478875], [0.047283616], [0.037334524], [0.037389442], [0.044024095], [0.033794105], [0.045849107], [0.046509996], [0.045012813], [0.044940732], [0.046804078], [0.032440457], [0.04739437], [0.03565768], [0.04834237], [0.0481682], [0.0472368], [0.036876433], [0.040607892], [0.044048853], [0.037046652], [0.047238998], [0.039385594], [0.048090376], [0.042873442], [0.042203438], [0.04724628], [0.04350118], [0.04055232], [0.04770446], [0.047739353], [0.04781788], [0.039056662], [0.044860292], [0.03911595], [0.047427475], [0.044923034], [0.03955292], [0.048598964], [0.03996331], [0.03469185], [0.047119133], [0.046701826], [0.044544972], [0.04277262], [0.034444492], [0.04771828], [0.047372095], [0.04425301], [0.0402545], [0.047440976], [0.04832211], [0.04771495], [0.046797633], [0.047180917], [0.03265359], [0.047533877], [0.04815684], [0.047875304], [0.034440193], [0.037389748], [0.047768384], [0.04796518], [0.044561252], [0.039207384], [0.046182085], [0.04625992], [0.04727922], [0.047076207], [0.039694585], [0.0442474], [0.041386236], [0.047736965], [0.047023285], [0.04385452], [0.04794182], [0.03550712]]
orig_inds:	[0, 1, 2, 3, 4, 5, 6, 7, 8, 11, 13, 14, 15, 16, 17, 19, 21, 22, 23, 25, 26, 28, 30, 31, 32, 33, 34, 35, 36, 37, 38, 40, 41, 42, 43, 44, 45, 46, 48, 49, 50, 51, 53, 54, 55, 56, 57, 58, 59, 60, 61, 63, 64, 65, 68, 69, 70, 71, 72, 73, 74, 75, 76, 77, 78, 79, 80, 81, 82, 84, 85, 86, 87, 88, 89, 90, 91, 92, 93, 94, 95, 96, 98, 99]
