
FA:	[[1.0], [1.0], [1.0], [1.0], [1.0], [1.0], [1.0], [1.0], [1.0], [1.0], [1.0], [1.0], [1.0], [1.0], [1.0], [1.0], [1.0], [1.0], [1.0], [1.0], [1.0], [1.0], [1.0], [1.0], [1.0], [1.0], [1.0], [1.0], [1.0], [1.0], [1.0], [1.0], [1.0], [1.0], [1.0], [1.0], [1.0], [1.0], [1.0], [1.0], [1.0], [1.0], [1.0], [1.0], [1.0], [1.0], [1.0], [1.0], [1.0], [1.0], [1.0], [1.0], [1.0], [1.0], [1.0], [0.0], [1.0], [1.0], [1.0], [1.0], [1.0], [1.0], [1.0], [1.0], [1.0], [1.0], [1.0], [1.0], [1.0], [1.0], [1.0], [1.0], [1.0], [1.0], [1.0], [1.0], [1.0], [1.0], [1.0], [1.0]]
RA:	[[1.0], [1.0], [1.0], [1.0], [1.0], [1.0], [1.0], [1.0], [1.0], [1.0], [1.0], [1.0], [1.0], [1.0], [1.0], [1.0], [1.0], [1.0], [1.0], [1.0], [1.0], [1.0], [1.0], [1.0], [1.0], [1.0], [1.0], [1.0], [1.0], [1.0], [1.0], [1.0], [1.0], [1.0], [1.0], [1.0], [1.0], [1.0], [1.0], [1.0], [1.0], [1.0], [1.0], [1.0], [1.0], [1.0], [1.0], [1.0], [1.0], [1.0], [1.0], [1.0], [1.0], [1.0], [1.0], [0.0], [1.0], [1.0], [1.0], [1.0], [1.0], [1.0], [1.0], [1.0], [1.0], [1.0], [1.0], [1.0], [1.0], [1.0], [1.0], [1.0], [1.0], [1.0], [1.0], [1.0], [1.0], [1.0], [1.0], [1.0]]
PGU:	[[0.018873293], [0.018658228], [0.020891463], [0.019195542], [0.017971588], [0.021040747], [0.01767547], [0.021377418], [0.021201128], [0.016692776], [0.016310768], [0.01956931], [0.014763223], [0.020350603], [0.020737521], [0.02006245], [0.020250248], [0.02067121], [0.0142840175], [0.020777052], [0.015866527], [0.021482198], [0.021459954], [0.02148327], [0.01645544], [0.018103216], [0.01936729], [0.016545588], [0.021279635], [0.017497297], [0.0213987], [0.019218218], [0.018580137], [0.02102458], [0.019571831], [0.018491333], [0.021497527], [0.021353709], [0.02136813], [0.017577756], [0.019927809], [0.017361589], [0.020809954], [0.020377852], [0.017875284], [0.021291787], [0.017471127], [0.015319272], [0.021014063], [0.021094589], [0.019652981], [0.019176636], [0.015369368], [0.021378553], [0.020758951], [0.043573227], [0.01771501], [0.021001058], [0.021478126], [0.02134761], [0.020954603], [0.02085865], [0.014321593], [0.021648023], [0.021587146], [0.021395562], [0.01523262], [0.01631549], [0.020805841], [0.021434423], [0.01980017], [0.017449781], [0.02075513], [0.02072186], [0.02139897], [0.02083253], [0.017470071], [0.019681344], [0.019061277], [0.021480344]]
PGI:	[[0.03925356], [0.03761827], [0.042173527], [0.038553145], [0.036501218], [0.04246547], [0.035753876], [0.043599896], [0.042675838], [0.033518955], [0.033371318], [0.040379416], [0.03004949], [0.041321915], [0.041712735], [0.04034427], [0.03987801], [0.04228217], [0.029278921], [0.04182813], [0.03216867], [0.04289089], [0.043454938], [0.04314498], [0.033548534], [0.0366112], [0.039269928], [0.033245392], [0.042601306], [0.035429195], [0.0433865], [0.038590644], [0.03796045], [0.042456307], [0.038603086], [0.036065888], [0.043223586], [0.043139093], [0.042914495], [0.035290666], [0.039704286], [0.034962315], [0.042331886], [0.041619908], [0.03557897], [0.042545818], [0.03549656], [0.031151555], [0.041416064], [0.041829683], [0.04067075], [0.038742308], [0.030897245], [0.043315437], [0.042809673], [0.0075387647], [0.03600691], [0.042423803], [0.043222673], [0.042897135], [0.041809253], [0.042027213], [0.029482044], [0.042615157], [0.043649886], [0.042305306], [0.031057075], [0.033112153], [0.042858418], [0.042617276], [0.039831355], [0.034960825], [0.042603344], [0.041624144], [0.04278607], [0.04250853], [0.035478856], [0.03989042], [0.037943978], [0.042387795]]
orig_inds:	[0, 1, 2, 3, 4, 5, 6, 7, 8, 11, 13, 14, 15, 16, 17, 19, 21, 22, 23, 26, 28, 30, 31, 32, 33, 34, 35, 36, 37, 38, 40, 41, 42, 43, 44, 45, 46, 48, 50, 51, 53, 54, 55, 56, 57, 58, 59, 60, 61, 63, 64, 65, 68, 69, 70, 71, 72, 73, 74, 75, 76, 77, 78, 79, 81, 82, 84, 85, 86, 87, 88, 89, 90, 91, 92, 93, 94, 95, 96, 98]
