
FA:	[[0.5], [1.0], [1.0], [0.5], [0.5], [1.0], [1.0], [0.5], [1.0], [1.0], [0.5], [0.5], [0.5], [0.5], [0.5], [0.5], [0.5], [1.0], [0.5], [1.0], [0.5], [1.0], [0.5], [0.5], [0.5], [0.5], [0.5], [0.5], [0.5], [0.5], [0.5], [0.5], [0.5], [0.5], [1.0], [0.5], [1.0], [0.5], [0.5], [0.5], [1.0], [0.5], [0.5], [0.5], [0.5], [0.5], [1.0], [1.0], [1.0], [1.0], [0.5], [0.5], [0.5], [0.5], [0.5], [0.5], [0.5], [0.5], [0.5], [0.5], [0.5], [0.5], [0.5], [0.5], [0.5], [0.5], [0.5], [0.5], [0.5], [0.5], [0.5], [0.5], [0.5], [1.0], [0.5], [0.5], [1.0], [1.0], [1.0], [1.0]]
RA:	[[0.5], [1.0], [1.0], [0.5], [0.5], [1.0], [1.0], [0.5], [1.0], [1.0], [0.5], [0.5], [0.5], [0.5], [0.5], [0.5], [0.5], [1.0], [0.5], [1.0], [0.5], [1.0], [0.5], [0.5], [0.5], [0.5], [0.5], [0.5], [0.5], [0.5], [0.5], [0.5], [0.5], [0.5], [1.0], [0.5], [1.0], [0.5], [0.5], [0.5], [1.0], [0.5], [0.5], [0.5], [0.5], [0.5], [1.0], [1.0], [1.0], [1.0], [0.5], [0.5], [0.5], [0.5], [0.5], [0.5], [0.5], [0.5], [0.5], [0.5], [0.5], [0.5], [0.5], [0.5], [0.5], [0.5], [0.5], [0.5], [0.5], [0.5], [0.5], [0.5], [0.5], [1.0], [0.5], [0.5], [1.0], [1.0], [1.0], [1.0]]
PGU:	[[0.01767348], [0.008475348], [0.009407752], [0.017530533], [0.016720956], [0.009511924], [0.008120315], [0.019758321], [0.009481083], [0.0076133315], [0.015057184], [0.018357787], [0.013743238], [0.01897837], [0.018963184], [0.018656652], [0.018421905], [0.009278249], [0.0133580975], [0.009408112], [0.014713856], [0.00970746], [0.019713325], [0.019228812], [0.015178475], [0.016866975], [0.018029952], [0.015064682], [0.019576183], [0.016135009], [0.019732924], [0.018756574], [0.017051097], [0.019545296], [0.008737117], [0.01686027], [0.009626447], [0.019604467], [0.019881262], [0.016115066], [0.008965457], [0.015981054], [0.019309605], [0.018806923], [0.016431298], [0.019471984], [0.007906622], [0.00696193], [0.009491307], [0.00944096], [0.018477088], [0.01780075], [0.014047453], [0.019867176], [0.019543568], [0.040052794], [0.016599035], [0.019416858], [0.019885615], [0.019589223], [0.020220648], [0.01924868], [0.01349832], [0.019718723], [0.019672861], [0.019886738], [0.014028066], [0.015084236], [0.019564481], [0.019888291], [0.018111479], [0.015932458], [0.019286972], [0.009492482], [0.019583242], [0.01955428], [0.007845513], [0.008872077], [0.008516287], [0.009522803]]
PGI:	[[0.039125334], [0.041211236], [0.046807457], [0.03919257], [0.036795367], [0.046052705], [0.039313734], [0.043862812], [0.04680803], [0.036730967], [0.03403016], [0.04047305], [0.03055431], [0.042749483], [0.042862922], [0.041541956], [0.041297983], [0.045702733], [0.029577758], [0.046026688], [0.032541018], [0.047004774], [0.04370898], [0.043013528], [0.034160607], [0.037500963], [0.04026255], [0.033871412], [0.042894945], [0.035656024], [0.044446614], [0.039135993], [0.038962178], [0.043151695], [0.042291973], [0.03803109], [0.047136996], [0.043649733], [0.043627594], [0.0361126], [0.04385263], [0.035718307], [0.043164354], [0.041438952], [0.036928352], [0.044119056], [0.038839385], [0.03404114], [0.045736756], [0.046117134], [0.04085347], [0.038940635], [0.031643555], [0.04370016], [0.04313609], [0.019055134], [0.036624853], [0.04388625], [0.043683454], [0.043174803], [0.04175827], [0.042632237], [0.029865293], [0.04354826], [0.04357668], [0.0434106], [0.03128105], [0.03349484], [0.042532846], [0.04389626], [0.040135138], [0.036187086], [0.042807333], [0.04638627], [0.043891244], [0.04304684], [0.038716845], [0.043222897], [0.041173264], [0.046560545]]
orig_inds:	[0, 1, 2, 3, 4, 5, 6, 7, 8, 11, 13, 14, 15, 16, 17, 19, 21, 22, 23, 26, 28, 30, 31, 32, 33, 34, 35, 36, 37, 38, 40, 41, 42, 43, 44, 45, 46, 48, 50, 51, 53, 54, 55, 56, 57, 58, 59, 60, 61, 63, 64, 65, 68, 69, 70, 71, 72, 73, 74, 75, 76, 77, 78, 79, 81, 82, 84, 85, 86, 87, 88, 89, 90, 91, 92, 93, 94, 95, 96, 98]
