
FA:	[[1.0], [1.0], [1.0], [1.0], [1.0], [1.0], [1.0], [1.0], [1.0], [1.0], [1.0], [1.0], [1.0], [1.0], [1.0], [1.0], [1.0], [1.0], [1.0], [1.0], [1.0], [1.0], [1.0], [1.0], [1.0], [1.0], [1.0], [1.0], [1.0], [1.0], [1.0], [1.0], [1.0], [1.0], [1.0], [1.0], [1.0], [1.0], [1.0], [1.0], [1.0], [1.0], [1.0], [1.0], [1.0], [1.0], [1.0], [1.0], [1.0], [1.0], [1.0], [1.0], [1.0], [1.0], [1.0], [0.0], [1.0], [1.0], [1.0], [1.0], [1.0], [1.0], [1.0], [1.0], [1.0], [1.0], [1.0], [1.0], [1.0], [1.0], [1.0], [1.0], [1.0], [1.0], [1.0], [1.0], [1.0], [1.0], [1.0], [1.0]]
RA:	[[1.0], [1.0], [1.0], [1.0], [1.0], [1.0], [1.0], [1.0], [1.0], [1.0], [1.0], [1.0], [1.0], [1.0], [1.0], [1.0], [1.0], [1.0], [1.0], [1.0], [1.0], [1.0], [1.0], [1.0], [1.0], [1.0], [1.0], [1.0], [1.0], [1.0], [1.0], [1.0], [1.0], [1.0], [1.0], [1.0], [1.0], [1.0], [1.0], [1.0], [1.0], [1.0], [1.0], [1.0], [1.0], [1.0], [1.0], [1.0], [1.0], [1.0], [1.0], [1.0], [1.0], [1.0], [1.0], [0.0], [1.0], [1.0], [1.0], [1.0], [1.0], [1.0], [1.0], [1.0], [1.0], [1.0], [1.0], [1.0], [1.0], [1.0], [1.0], [1.0], [1.0], [1.0], [1.0], [1.0], [1.0], [1.0], [1.0], [1.0]]
PGU:	[[0.019101135], [0.018576767], [0.020749228], [0.019215828], [0.017948864], [0.0210416], [0.01799527], [0.021331226], [0.021197975], [0.016821017], [0.016593574], [0.01980058], [0.014824994], [0.020592341], [0.020789573], [0.020036161], [0.020140408], [0.020984033], [0.014360198], [0.020656267], [0.015680868], [0.021208936], [0.0213424], [0.021378366], [0.016645864], [0.018084832], [0.01931011], [0.016358668], [0.021124303], [0.017525999], [0.021325164], [0.019443102], [0.018788112], [0.020940851], [0.019356241], [0.01826218], [0.020998573], [0.02130404], [0.02145172], [0.017145475], [0.019939225], [0.017553423], [0.02103622], [0.0204662], [0.01777356], [0.021510424], [0.017586488], [0.0153156025], [0.021078289], [0.020931654], [0.019894883], [0.019404517], [0.015285007], [0.02136037], [0.0209489], [0.04280974], [0.017932365], [0.021316428], [0.021224903], [0.020973068], [0.020882813], [0.020867264], [0.014522363], [0.021173177], [0.021459972], [0.021347575], [0.015307082], [0.016367124], [0.020847932], [0.021218002], [0.020082004], [0.017589262], [0.020485856], [0.020958891], [0.02120242], [0.020795267], [0.01747914], [0.019866548], [0.018620724], [0.021122739]]
PGI:	[[0.038357683], [0.037780974], [0.042137407], [0.039122324], [0.03665672], [0.04235205], [0.03602734], [0.043153968], [0.042413473], [0.034098662], [0.033492055], [0.040069], [0.029504629], [0.041298352], [0.041311678], [0.040898222], [0.04010512], [0.042010967], [0.029444916], [0.042403746], [0.032522313], [0.043304987], [0.043364227], [0.042954326], [0.0334274], [0.036603794], [0.03902504], [0.032977775], [0.042734105], [0.035164732], [0.042899065], [0.03867412], [0.037295524], [0.042686053], [0.03888682], [0.036816884], [0.043397944], [0.042813774], [0.043382317], [0.0352368], [0.040475126], [0.035587247], [0.04265927], [0.041380983], [0.03602699], [0.042783886], [0.035478503], [0.031014258], [0.042393785], [0.042385448], [0.039811045], [0.038405605], [0.031247701], [0.042741276], [0.041950647], [0.0074262633], [0.03638017], [0.04249686], [0.043093543], [0.042452052], [0.042369038], [0.04176462], [0.029533703], [0.043254662], [0.04380092], [0.043474272], [0.03106495], [0.032794084], [0.042091213], [0.04304734], [0.03994578], [0.03486257], [0.04167237], [0.042334218], [0.04297524], [0.0425196], [0.035271708], [0.03964127], [0.037663236], [0.043228555]]
orig_inds:	[0, 1, 2, 3, 4, 5, 6, 7, 8, 11, 13, 14, 15, 16, 17, 19, 21, 22, 23, 26, 28, 30, 31, 32, 33, 34, 35, 36, 37, 38, 40, 41, 42, 43, 44, 45, 46, 48, 50, 51, 53, 54, 55, 56, 57, 58, 59, 60, 61, 63, 64, 65, 68, 69, 70, 71, 72, 73, 74, 75, 76, 77, 78, 79, 81, 82, 84, 85, 86, 87, 88, 89, 90, 91, 92, 93, 94, 95, 96, 98]
