
FA:	[[1.0], [1.0], [1.0], [1.0], [1.0], [1.0], [1.0], [1.0], [1.0], [1.0], [1.0], [1.0], [1.0], [1.0], [1.0], [1.0], [1.0], [1.0], [1.0], [1.0], [1.0], [1.0], [1.0], [1.0], [1.0], [1.0], [1.0], [1.0], [1.0], [1.0], [1.0], [1.0], [1.0], [1.0], [1.0], [1.0], [1.0], [1.0], [1.0], [1.0], [1.0], [1.0], [1.0], [1.0], [1.0], [1.0], [1.0], [1.0], [1.0], [1.0], [1.0], [1.0], [1.0], [1.0], [1.0], [1.0], [1.0], [1.0], [1.0], [1.0], [1.0], [1.0], [1.0], [1.0], [1.0], [1.0], [1.0], [1.0], [1.0], [1.0], [1.0], [1.0], [1.0], [1.0], [1.0], [1.0], [1.0], [1.0], [1.0], [1.0]]
RA:	[[0.5], [1.0], [1.0], [0.5], [0.5], [1.0], [0.5], [0.5], [1.0], [1.0], [0.5], [0.5], [0.5], [0.5], [0.5], [0.5], [0.5], [1.0], [0.5], [1.0], [0.5], [1.0], [0.5], [0.5], [0.5], [0.5], [0.5], [0.5], [0.5], [0.5], [0.5], [0.25], [0.5], [0.5], [1.0], [0.5], [0.5], [0.5], [0.5], [0.5], [0.5], [0.5], [0.5], [0.5], [0.5], [0.5], [1.0], [1.0], [1.0], [1.0], [0.5], [0.5], [0.5], [0.5], [0.5], [0.25], [0.5], [0.5], [0.5], [0.5], [0.5], [0.5], [0.5], [0.5], [0.5], [0.5], [0.5], [0.5], [0.5], [0.5], [0.5], [0.5], [0.5], [1.0], [0.5], [0.5], [1.0], [1.0], [1.0], [1.0]]
PGU:	[[0.0], [0.0], [0.0], [0.0], [0.0], [0.0], [0.0], [0.0], [0.0], [0.0], [0.0], [5.9604645e-08], [0.0], [0.0], [0.0], [0.0], [0.0], [0.0], [0.0], [0.0], [0.0], [0.0], [0.0], [0.0], [0.0], [0.0], [0.0], [0.0], [0.0], [0.0], [0.0], [0.0], [0.0], [0.0], [0.0], [0.0], [0.0], [0.0], [0.0], [0.0], [0.0], [0.0], [0.0], [0.0], [0.0], [0.0], [0.0], [0.0], [0.0], [0.0], [0.0], [0.0], [0.0], [0.0], [0.0], [0.0], [2.9802322e-08], [0.0], [0.0], [0.0], [0.0], [0.0], [0.0], [0.0], [0.0], [0.0], [0.0], [0.0], [0.0], [0.0], [0.0], [0.0], [0.0], [0.0], [0.0], [0.0], [0.0], [0.0], [0.0], [0.0]]
PGI:	[[0.042610105], [0.04212691], [0.047582727], [0.043685865], [0.040756803], [0.047365583], [0.040555585], [0.047982458], [0.047482833], [0.037514225], [0.036970723], [0.045171626], [0.03359122], [0.046048157], [0.046457138], [0.04527211], [0.04477388], [0.046525035], [0.032645084], [0.046601795], [0.03582092], [0.047524333], [0.048674315], [0.047564756], [0.037354317], [0.04128334], [0.043758716], [0.037227057], [0.04730694], [0.038587783], [0.047297813], [0.04366088], [0.042338565], [0.047220103], [0.043692145], [0.04152609], [0.048086513], [0.047810223], [0.04831316], [0.038992193], [0.04426229], [0.039073545], [0.047791917], [0.04580698], [0.039649043], [0.047849875], [0.03931806], [0.034720473], [0.047410015], [0.04662866], [0.044553496], [0.04247286], [0.03452641], [0.047721837], [0.04731535], [0.0443731], [0.040374484], [0.04820293], [0.04792388], [0.047817927], [0.046683643], [0.04654607], [0.03234535], [0.047905594], [0.04742604], [0.04806885], [0.0350388], [0.036861487], [0.047353968], [0.048286945], [0.04435724], [0.03909147], [0.046998575], [0.04660764], [0.04780115], [0.047060594], [0.03925294], [0.044932462], [0.04205268], [0.048236888]]
orig_inds:	[0, 1, 2, 3, 4, 5, 6, 7, 8, 11, 13, 14, 15, 16, 17, 19, 21, 22, 23, 26, 28, 30, 31, 32, 33, 34, 35, 36, 37, 38, 40, 41, 42, 43, 44, 45, 46, 48, 50, 51, 53, 54, 55, 56, 57, 58, 59, 60, 61, 63, 64, 65, 68, 69, 70, 71, 72, 73, 74, 75, 76, 77, 78, 79, 81, 82, 84, 85, 86, 87, 88, 89, 90, 91, 92, 93, 94, 95, 96, 98]
