
FA:	[[1.0], [1.0], [1.0], [1.0], [1.0], [1.0], [1.0], [1.0], [1.0], [1.0], [1.0], [1.0], [1.0], [1.0], [1.0], [1.0], [1.0], [1.0], [1.0], [1.0], [1.0], [1.0], [1.0], [1.0], [1.0], [1.0], [1.0], [1.0], [1.0], [1.0], [1.0], [1.0], [1.0], [1.0], [1.0], [1.0], [1.0], [1.0], [1.0], [1.0], [1.0], [1.0], [1.0], [1.0], [1.0], [1.0], [1.0], [1.0], [1.0], [1.0], [1.0], [1.0], [1.0], [1.0], [1.0], [1.0], [1.0], [1.0], [1.0], [1.0], [1.0], [1.0], [1.0], [1.0], [1.0], [1.0], [1.0], [1.0], [1.0], [1.0], [1.0], [1.0], [1.0], [1.0], [1.0], [1.0], [1.0], [1.0], [1.0], [1.0], [1.0], [1.0], [1.0], [1.0], [1.0], [1.0], [1.0], [1.0], [1.0], [1.0], [1.0]]
RA:	[[1.0], [1.0], [1.0], [0.5], [0.5], [0.5], [0.5], [0.0], [1.0], [1.0], [0.0], [1.0], [0.5], [0.0], [0.5], [0.5], [0.5], [0.5], [0.5], [0.5], [0.5], [0.5], [1.0], [0.5], [0.5], [0.5], [0.5], [0.5], [0.5], [1.0], [0.5], [0.5], [1.0], [1.0], [0.5], [0.5], [1.0], [0.5], [0.5], [1.0], [0.0], [1.0], [0.25], [0.5], [1.0], [0.5], [0.5], [0.5], [0.0], [0.0], [0.5], [0.5], [0.0], [1.0], [0.5], [0.5], [0.5], [1.0], [0.5], [1.0], [0.5], [0.0], [0.5], [1.0], [0.5], [1.0], [0.5], [0.5], [0.5], [1.0], [0.25], [1.0], [0.0], [0.5], [0.0], [1.0], [0.0], [0.0], [1.0], [0.5], [1.0], [0.25], [0.5], [1.0], [0.5], [0.5], [0.5], [0.5], [0.5], [0.0], [0.5]]
PGU:	[[0.0], [0.0], [0.0], [0.0], [0.0], [0.0], [0.0], [0.0], [0.0], [0.0], [0.0], [0.0], [0.0], [0.0], [0.0], [0.0], [0.0], [0.0], [0.0], [0.0], [0.0], [0.0], [0.0], [0.0], [0.0], [0.0], [0.0], [0.0], [0.0], [0.0], [0.0], [0.0], [0.0], [0.0], [0.0], [0.0], [0.0], [0.0], [0.0], [0.0], [0.0], [0.0], [0.0], [0.0], [0.0], [0.0], [0.0], [0.0], [0.0], [0.0], [0.0], [0.0], [0.0], [0.0], [0.0], [0.0], [0.0], [0.0], [0.0], [0.0], [0.0], [0.0], [0.0], [0.0], [0.0], [0.0], [0.0], [0.0], [0.0], [0.0], [0.0], [0.0], [0.0], [0.0], [0.0], [0.0], [0.0], [0.0], [0.0], [0.0], [0.0], [0.0], [0.0], [0.0], [0.0], [0.0], [0.0], [0.0], [0.0], [0.0], [0.0]]
PGI:	[[0.042396903], [0.042050295], [0.047479708], [0.043216106], [0.040030174], [0.046885174], [0.040275954], [0.048234716], [0.04738756], [0.037846874], [0.0369923], [0.044620775], [0.033308476], [0.046195067], [0.046418764], [0.045300134], [0.045364797], [0.0468863], [0.03239855], [0.046682123], [0.036043864], [0.04840065], [0.04785254], [0.047994215], [0.03751545], [0.040657807], [0.04413512], [0.037503395], [0.04755802], [0.039188664], [0.04812362], [0.04350856], [0.041944478], [0.047561407], [0.04346806], [0.041057773], [0.047278456], [0.048101474], [0.047941595], [0.038637437], [0.044751424], [0.039192576], [0.04718866], [0.045907848], [0.039952103], [0.048154823], [0.039651442], [0.035219487], [0.046992943], [0.046493262], [0.044681765], [0.043161493], [0.034232028], [0.04783717], [0.04711753], [0.044359136], [0.040142436], [0.047194738], [0.048285183], [0.047836374], [0.047065478], [0.047052238], [0.03265863], [0.048001945], [0.048022877], [0.047541805], [0.034626894], [0.036652867], [0.047284827], [0.04833348], [0.044607718], [0.039379578], [0.04652891], [0.046520527], [0.047100686], [0.047001835], [0.03955145], [0.044500075], [0.04227202], [0.048271254], [0.045975327], [0.04421613], [0.04837581], [0.036189184], [0.040048048], [0.047517065], [0.047737107], [0.048040472], [0.045831032], [0.04775607], [0.04742009]]
orig_inds:	[0, 1, 2, 3, 4, 5, 6, 7, 8, 10, 11, 12, 13, 15, 16, 17, 18, 19, 21, 22, 24, 25, 26, 28, 29, 30, 31, 32, 33, 34, 35, 36, 37, 38, 39, 40, 41, 42, 43, 44, 45, 46, 47, 48, 49, 50, 51, 52, 54, 56, 57, 58, 60, 61, 62, 63, 64, 65, 66, 67, 68, 69, 70, 71, 72, 73, 74, 75, 76, 77, 78, 79, 80, 81, 82, 83, 84, 85, 86, 87, 88, 89, 90, 91, 92, 93, 94, 95, 96, 97, 99]
