
FA:	[[0.6], [0.8], [0.6], [0.4], [0.6], [0.4], [0.6], [0.6], [0.6], [0.6], [0.6], [0.6], [0.6], [0.8], [0.6], [0.6], [0.6], [0.6], [0.6], [0.6], [0.6], [0.6], [0.4], [0.6], [0.6], [0.4], [0.6], [0.6], [0.6], [0.6], [0.6], [0.6], [0.4], [0.4], [0.6], [0.4], [0.4], [0.6], [0.6], [0.6], [0.6], [0.6], [0.6], [0.6], [0.6], [0.6], [0.6], [0.6], [0.6], [0.6], [0.6], [0.8], [0.6], [0.6], [0.6], [0.8], [0.6], [0.6], [0.6], [0.8], [0.6], [0.6], [0.6], [0.4], [0.6], [0.6], [0.4], [0.6], [0.6], [0.6], [0.4], [0.6], [0.6], [0.8], [0.8], [0.8], [0.6], [0.8], [0.6], [0.8], [0.6]]
RA:	[[0.2], [0.4], [0.4], [0.2], [0.0], [0.0], [0.0], [0.2], [0.2], [0.0], [0.4], [0.4], [0.4], [0.6], [0.4], [0.2], [0.6], [0.0], [0.2], [0.0], [0.4], [0.2], [0.2], [0.0], [0.2], [0.0], [0.2], [0.0], [0.0], [0.4], [0.2], [0.2], [0.2], [0.4], [0.2], [0.4], [0.2], [0.2], [0.4], [0.0], [0.2], [0.2], [0.4], [0.0], [0.2], [0.4], [0.2], [0.6], [0.4], [0.0], [0.2], [0.2], [0.4], [0.0], [0.6], [0.6], [0.0], [0.2], [0.2], [0.8], [0.0], [0.6], [0.2], [0.2], [0.4], [0.2], [0.2], [0.2], [0.2], [0.4], [0.2], [0.0], [0.6], [0.8], [0.6], [0.2], [0.2], [0.6], [0.2], [0.0], [0.2]]
PGU:	[[0.001367304], [0.009024574], [0.03223298], [0.003247551], [0.0010797221], [0.015879992], [0.1609008], [0.01616675], [0.0027935412], [0.0017697655], [0.16114172], [0.054646455], [0.03832247], [0.00016118049], [0.0113302395], [0.1186754], [0.080286846], [0.0069786985], [0.014119473], [0.11405953], [0.11889656], [0.0021946542], [0.12352458], [0.005043383], [0.01721974], [0.11883262], [0.16157636], [0.000715695], [0.0060812533], [0.000121060395], [0.00018736355], [0.053419], [0.15884665], [0.037413597], [0.010841516], [0.17683272], [0.0014854058], [0.04872733], [0.12488298], [0.088417664], [0.12637933], [0.0015719959], [0.051598195], [0.027585626], [0.0033190865], [0.0014566665], [0.025543919], [0.007971424], [0.0028856185], [0.091949396], [0.005268733], [0.008729817], [0.028822418], [0.013726291], [0.000251039], [0.028520923], [0.0057548783], [0.0018242813], [0.026705923], [0.012883354], [0.029224917], [0.009879092], [0.0037042361], [0.03241713], [0.17189087], [0.004180521], [0.09367234], [0.005914457], [0.07732212], [0.04373274], [0.19279979], [0.024510374], [0.10776005], [0.047214344], [0.031964656], [0.08659594], [0.09605602], [0.035739504], [0.12611021], [0.008296091], [0.04303859]]
PGI:	[[0.06894646], [0.1818055], [0.22490935], [0.096539065], [0.08332401], [0.16581175], [0.36780047], [0.21222979], [0.12266046], [0.10435354], [0.36360583], [0.28950822], [0.24239309], [0.04607563], [0.18074694], [0.3576586], [0.29665542], [0.16901997], [0.17553042], [0.37120655], [0.36588868], [0.08621228], [0.32641461], [0.14390804], [0.2145584], [0.3256191], [0.3699378], [0.05721411], [0.16082954], [0.024791466], [0.029638486], [0.3039431], [0.35296258], [0.21418199], [0.18638808], [0.37203413], [0.0646091], [0.28731468], [0.37729147], [0.3124355], [0.37986773], [0.077291064], [0.25839338], [0.21434551], [0.09750308], [0.09062233], [0.20736414], [0.14347005], [0.119409226], [0.34603494], [0.12215033], [0.18095922], [0.21296531], [0.19344774], [0.0348472], [0.27834612], [0.15324338], [0.10607571], [0.25095358], [0.21667942], [0.25084546], [0.15947911], [0.13516977], [0.24449688], [0.3749572], [0.112453684], [0.32340503], [0.12686744], [0.32726827], [0.28413922], [0.37120625], [0.20635657], [0.32974547], [0.32030207], [0.2849365], [0.37697083], [0.3535402], [0.29020098], [0.37283647], [0.15989923], [0.27560416]]
orig_inds:	[0, 1, 2, 3, 4, 5, 6, 7, 8, 9, 10, 11, 12, 13, 14, 15, 16, 18, 19, 21, 22, 23, 24, 26, 27, 28, 29, 30, 31, 33, 34, 37, 38, 39, 41, 43, 44, 46, 47, 48, 49, 52, 53, 54, 55, 56, 57, 58, 59, 61, 63, 64, 65, 66, 67, 68, 69, 70, 72, 73, 74, 76, 77, 78, 79, 80, 81, 82, 83, 84, 87, 88, 89, 91, 93, 94, 95, 96, 97, 98, 99]
