
FA:	[[1.0], [1.0], [1.0], [1.0], [0.0], [0.0], [0.0], [1.0], [1.0], [0.0], [1.0], [1.0], [0.0], [1.0], [1.0], [1.0], [1.0], [0.0], [1.0], [0.0], [1.0], [1.0], [1.0], [0.0], [1.0], [0.0], [1.0], [0.0], [0.0], [0.0], [1.0], [0.0], [1.0], [1.0], [1.0], [1.0], [1.0], [1.0], [1.0], [0.0], [1.0], [1.0], [1.0], [0.0], [1.0], [1.0], [1.0], [1.0], [1.0], [0.0], [1.0], [1.0], [1.0], [0.0], [1.0], [1.0], [0.0], [1.0], [1.0], [1.0], [0.0], [1.0], [1.0], [1.0], [1.0], [1.0], [1.0], [1.0], [1.0], [1.0], [1.0], [0.0], [1.0], [1.0], [1.0], [0.0], [1.0], [1.0], [0.0], [0.0], [1.0]]
RA:	[[1.0], [1.0], [1.0], [1.0], [0.0], [0.0], [0.0], [1.0], [1.0], [0.0], [1.0], [1.0], [0.0], [1.0], [1.0], [1.0], [1.0], [0.0], [1.0], [0.0], [1.0], [1.0], [1.0], [0.0], [1.0], [0.0], [1.0], [0.0], [0.0], [0.0], [1.0], [0.0], [1.0], [1.0], [1.0], [1.0], [1.0], [1.0], [1.0], [0.0], [1.0], [1.0], [1.0], [0.0], [1.0], [1.0], [1.0], [1.0], [1.0], [0.0], [1.0], [1.0], [1.0], [0.0], [1.0], [1.0], [0.0], [1.0], [1.0], [1.0], [0.0], [1.0], [1.0], [1.0], [1.0], [1.0], [1.0], [1.0], [1.0], [1.0], [1.0], [0.0], [1.0], [1.0], [1.0], [0.0], [1.0], [1.0], [0.0], [0.0], [1.0]]
PGU:	[[0.0020642558], [0.02444807], [0.045936823], [0.0042452994], [0.08506827], [0.17827745], [0.37037885], [0.034231752], [0.0070550116], [0.1062203], [0.18746012], [0.09209549], [0.23601569], [0.00063093926], [0.022432772], [0.18025564], [0.10488901], [0.1659684], [0.020539084], [0.36940154], [0.19095308], [0.0029949923], [0.1408467], [0.14962983], [0.037896443], [0.33060172], [0.19129068], [0.06127679], [0.16249786], [0.027289715], [0.00029572827], [0.30863187], [0.17669655], [0.04259911], [0.02459932], [0.1981592], [0.0017579775], [0.09270351], [0.20318872], [0.31070954], [0.20777278], [0.0025088703], [0.06888832], [0.2211731], [0.005162374], [0.0035336602], [0.03502426], [0.011573471], [0.0070429705], [0.35195965], [0.008461079], [0.02407728], [0.037999377], [0.20481674], [0.00037437482], [0.08156903], [0.15869254], [0.005121972], [0.059955128], [0.04110038], [0.25598678], [0.015003754], [0.00977268], [0.055018175], [0.2053109], [0.006126462], [0.13900527], [0.008311996], [0.13676456], [0.08938567], [0.20225216], [0.21503416], [0.13375764], [0.117504105], [0.08573513], [0.37466183], [0.16780025], [0.09782652], [0.37273788], [0.15951198], [0.08245291]]
PGI:	[[0.066896945], [0.17689724], [0.22719365], [0.08993332], [0.00050121255], [0.003767305], [0.06063463], [0.19902839], [0.11773727], [0.0008340324], [0.36069393], [0.28946376], [0.011159588], [0.04135364], [0.17415057], [0.35768217], [0.29272825], [0.0032460003], [0.1710105], [0.061423454], [0.36516705], [0.07997258], [0.32846686], [0.0022422879], [0.21219182], [0.036704604], [0.3648106], [0.00018805871], [0.0029173072], [3.1915442e-05], [0.026860159], [0.026441894], [0.35750452], [0.21776503], [0.17734534], [0.37184677], [0.065018356], [0.2845413], [0.37155792], [0.029358724], [0.37533572], [0.07758001], [0.2576417], [0.007703498], [0.102084965], [0.08562537], [0.20055453], [0.13502589], [0.114282206], [0.04790176], [0.12368086], [0.1778837], [0.2070003], [0.0063033863], [0.03123847], [0.27038914], [0.0026527594], [0.09481972], [0.24779578], [0.21732783], [0.013826234], [0.1494502], [0.1254082], [0.2371703], [0.37503794], [0.11092461], [0.3236315], [0.121339016], [0.3266077], [0.27979785], [0.37408724], [0.0069031045], [0.31864923], [0.30976015], [0.2785031], [0.06484358], [0.34794816], [0.28767762], [0.06438424], [0.0026692778], [0.2725277]]
orig_inds:	[0, 1, 2, 3, 4, 5, 6, 7, 8, 9, 10, 11, 12, 13, 14, 15, 16, 18, 19, 21, 22, 23, 24, 26, 27, 28, 29, 30, 31, 33, 34, 37, 38, 39, 41, 43, 44, 46, 47, 48, 49, 52, 53, 54, 55, 56, 57, 58, 59, 61, 63, 64, 65, 66, 67, 68, 69, 70, 72, 73, 74, 76, 77, 78, 79, 80, 81, 82, 83, 84, 87, 88, 89, 91, 93, 94, 95, 96, 97, 98, 99]
