
FA:	[[0.6], [0.8], [0.6], [0.4], [0.6], [0.4], [0.6], [0.6], [0.6], [0.6], [0.6], [0.6], [0.6], [0.8], [0.6], [0.6], [0.6], [0.6], [0.6], [0.6], [0.6], [0.6], [0.4], [0.6], [0.6], [0.4], [0.6], [0.6], [0.6], [0.6], [0.6], [0.6], [0.4], [0.4], [0.6], [0.4], [0.4], [0.6], [0.6], [0.6], [0.6], [0.6], [0.6], [0.6], [0.6], [0.6], [0.6], [0.6], [0.6], [0.6], [0.6], [0.8], [0.6], [0.6], [0.6], [0.8], [0.6], [0.6], [0.6], [0.8], [0.6], [0.6], [0.6], [0.4], [0.6], [0.6], [0.4], [0.6], [0.6], [0.6], [0.4], [0.6], [0.6], [0.8], [0.8], [0.8], [0.6], [0.8], [0.6], [0.8], [0.6]]
RA:	[[0.2], [0.4], [0.4], [0.2], [0.0], [0.0], [0.0], [0.2], [0.2], [0.0], [0.4], [0.4], [0.4], [0.6], [0.4], [0.2], [0.6], [0.0], [0.2], [0.0], [0.4], [0.2], [0.2], [0.0], [0.2], [0.0], [0.2], [0.0], [0.0], [0.4], [0.2], [0.2], [0.2], [0.4], [0.2], [0.4], [0.2], [0.2], [0.4], [0.0], [0.2], [0.2], [0.4], [0.0], [0.2], [0.4], [0.2], [0.6], [0.4], [0.0], [0.2], [0.2], [0.4], [0.0], [0.6], [0.6], [0.0], [0.2], [0.2], [0.8], [0.0], [0.6], [0.2], [0.2], [0.4], [0.2], [0.2], [0.2], [0.2], [0.4], [0.2], [0.0], [0.6], [0.8], [0.6], [0.2], [0.2], [0.6], [0.2], [0.0], [0.2]]
PGU:	[[0.0013977862], [0.008843118], [0.032704577], [0.0032173516], [0.0010784094], [0.015774028], [0.1594091], [0.016196178], [0.0027942527], [0.0018062649], [0.16410333], [0.05500457], [0.03829651], [0.00016051765], [0.011503725], [0.11809116], [0.08113681], [0.007096323], [0.01401244], [0.11306167], [0.11979541], [0.002280299], [0.122594126], [0.005143475], [0.017487423], [0.119755626], [0.16212061], [0.0006987744], [0.0063210367], [0.00012297866], [0.00018649193], [0.054928858], [0.16038044], [0.037530627], [0.010814446], [0.17921147], [0.001526861], [0.04827264], [0.12374694], [0.088078015], [0.12711452], [0.0015401727], [0.051144], [0.027432932], [0.0033780204], [0.0014288765], [0.024776533], [0.008089499], [0.0028378544], [0.09162166], [0.0052785017], [0.008792408], [0.029576147], [0.0132598495], [0.00024751783], [0.029143035], [0.005780455], [0.0018421108], [0.0271138], [0.012635612], [0.029024363], [0.0102532655], [0.0037257], [0.032670733], [0.17127886], [0.004021927], [0.093297854], [0.00598858], [0.07749826], [0.044515174], [0.19363318], [0.024959609], [0.10739834], [0.047232177], [0.031786673], [0.085641414], [0.09608917], [0.035507444], [0.12640049], [0.008195721], [0.042531386]]
PGI:	[[0.07515935], [0.18290125], [0.22298414], [0.09580127], [0.08388829], [0.1663522], [0.36654708], [0.21357562], [0.1223864], [0.10585697], [0.36394042], [0.28265065], [0.23620763], [0.046097808], [0.17964168], [0.36150572], [0.3045904], [0.16593255], [0.17448738], [0.3691347], [0.36942634], [0.088190556], [0.32204542], [0.14796132], [0.21019903], [0.32338518], [0.36594367], [0.05448185], [0.15566683], [0.023806907], [0.03063158], [0.30382577], [0.36010453], [0.2179554], [0.18591575], [0.37218595], [0.06444194], [0.29119584], [0.37625185], [0.30597457], [0.3785121], [0.078941725], [0.26447335], [0.21281464], [0.10299302], [0.09398765], [0.20951079], [0.14084512], [0.119278945], [0.346733], [0.12563606], [0.18722966], [0.21158767], [0.20344462], [0.034505922], [0.28123394], [0.15396461], [0.11017658], [0.25011238], [0.21891624], [0.25665143], [0.15509956], [0.13298152], [0.24350715], [0.37574726], [0.110079676], [0.3243159], [0.12122712], [0.32752362], [0.28375992], [0.3742646], [0.2032066], [0.32783246], [0.3140989], [0.2877048], [0.37539598], [0.35535803], [0.2980392], [0.37151977], [0.15720691], [0.27816853]]
orig_inds:	[0, 1, 2, 3, 4, 5, 6, 7, 8, 9, 10, 11, 12, 13, 14, 15, 16, 18, 19, 21, 22, 23, 24, 26, 27, 28, 29, 30, 31, 33, 34, 37, 38, 39, 41, 43, 44, 46, 47, 48, 49, 52, 53, 54, 55, 56, 57, 58, 59, 61, 63, 64, 65, 66, 67, 68, 69, 70, 72, 73, 74, 76, 77, 78, 79, 80, 81, 82, 83, 84, 87, 88, 89, 91, 93, 94, 95, 96, 97, 98, 99]
