
FA:	[[0.5], [0.75], [0.5], [0.5], [0.5], [0.5], [0.5], [0.5], [0.5], [0.5], [0.5], [0.5], [0.5], [0.75], [0.5], [0.75], [0.5], [0.5], [0.5], [0.5], [0.5], [0.5], [0.25], [0.5], [0.5], [0.5], [0.25], [0.5], [0.5], [0.5], [0.5], [0.75], [0.25], [0.5], [0.25], [0.5], [0.25], [0.25], [0.75], [0.5], [0.75], [0.75], [0.5], [0.5], [0.25], [0.5], [0.25], [0.5], [0.5], [0.5], [0.5], [0.75], [0.5], [0.5], [0.5], [0.75], [0.5], [0.5], [0.5], [0.75], [0.5], [0.5], [0.5], [0.5], [0.5], [0.5], [0.5], [0.5], [0.25], [0.5], [0.25], [0.5], [0.5], [0.75], [0.75], [0.75], [0.5], [0.75], [0.5], [0.5], [0.5]]
RA:	[[0.25], [0.5], [0.25], [0.25], [0.0], [0.0], [0.0], [0.25], [0.25], [0.0], [0.5], [0.5], [0.25], [0.5], [0.5], [0.25], [0.5], [0.0], [0.25], [0.0], [0.25], [0.25], [0.25], [0.0], [0.25], [0.0], [0.25], [0.0], [0.0], [0.25], [0.25], [0.25], [0.25], [0.5], [0.25], [0.5], [0.25], [0.25], [0.5], [0.0], [0.25], [0.25], [0.5], [0.0], [0.25], [0.25], [0.25], [0.5], [0.5], [0.0], [0.25], [0.25], [0.5], [0.0], [0.5], [0.5], [0.0], [0.25], [0.25], [0.75], [0.0], [0.5], [0.25], [0.25], [0.5], [0.25], [0.25], [0.25], [0.25], [0.5], [0.25], [0.0], [0.5], [0.75], [0.5], [0.25], [0.25], [0.5], [0.0], [0.0], [0.25]]
PGU:	[[0.0015282944], [0.008916507], [0.037013933], [0.003244409], [0.0014732522], [0.015939172], [0.16032936], [0.01589714], [0.0038215888], [0.0023966532], [0.16313726], [0.055577483], [0.043433648], [0.00022311696], [0.011527912], [0.118954], [0.09049216], [0.009492971], [0.01386281], [0.13909784], [0.13823661], [0.0022814756], [0.1368842], [0.0052950247], [0.017546378], [0.11549374], [0.1762408], [0.00069577055], [0.008294445], [0.00014539473], [0.00019550377], [0.054114778], [0.15995151], [0.037487898], [0.020479321], [0.1768217], [0.0015242276], [0.0813617], [0.12430014], [0.08979878], [0.12621592], [0.0015678183], [0.050779063], [0.028023073], [0.0041708173], [0.0018336965], [0.029574765], [0.009228463], [0.002947157], [0.11282182], [0.005275128], [0.008797864], [0.028400226], [0.017645389], [0.00029530076], [0.038608667], [0.007549936], [0.003932644], [0.035009835], [0.017672095], [0.037310984], [0.011291957], [0.0050787386], [0.032109447], [0.17424412], [0.00417892], [0.092713974], [0.0071142516], [0.120497815], [0.07537979], [0.19288175], [0.02506306], [0.115295544], [0.063001774], [0.042751554], [0.12246571], [0.11778346], [0.048229232], [0.14402623], [0.009982687], [0.04344197]]
PGI:	[[0.06996753], [0.1915554], [0.22281416], [0.09612786], [0.083514914], [0.16435748], [0.3661098], [0.21067329], [0.11844795], [0.100819476], [0.36400986], [0.28749484], [0.24003235], [0.044098146], [0.17874865], [0.36325428], [0.29713324], [0.16492897], [0.17456624], [0.3673827], [0.36466324], [0.08020698], [0.32877254], [0.145688], [0.21733698], [0.3258443], [0.36478233], [0.056247853], [0.15431276], [0.023933519], [0.029740656], [0.30595946], [0.3527326], [0.21815144], [0.17937747], [0.3675439], [0.06924487], [0.2904249], [0.37775475], [0.3070404], [0.3780884], [0.07999249], [0.25692904], [0.2130458], [0.100750364], [0.094102964], [0.20278965], [0.14233081], [0.12263544], [0.34408614], [0.12364636], [0.1829942], [0.21515378], [0.19887921], [0.032226432], [0.27017438], [0.1545767], [0.10051722], [0.24698254], [0.2177991], [0.25870353], [0.15538585], [0.13224806], [0.24962139], [0.37737378], [0.10855097], [0.32744476], [0.118387975], [0.3273295], [0.28211686], [0.374582], [0.20656645], [0.32679415], [0.31472087], [0.2840419], [0.37834495], [0.3443645], [0.28848758], [0.3718022], [0.15569264], [0.2779567]]
orig_inds:	[0, 1, 2, 3, 4, 5, 6, 7, 8, 9, 10, 11, 12, 13, 14, 15, 16, 18, 19, 21, 22, 23, 24, 26, 27, 28, 29, 30, 31, 33, 34, 37, 38, 39, 41, 43, 44, 46, 47, 48, 49, 52, 53, 54, 55, 56, 57, 58, 59, 61, 63, 64, 65, 66, 67, 68, 69, 70, 72, 73, 74, 76, 77, 78, 79, 80, 81, 82, 83, 84, 87, 88, 89, 91, 93, 94, 95, 96, 97, 98, 99]
