
FA:	[[0.5], [1.0], [0.5], [0.5], [0.0], [0.0], [0.5], [0.5], [0.5], [0.5], [0.5], [1.0], [0.5], [0.5], [1.0], [0.5], [0.5], [0.5], [0.5], [0.0], [0.5], [0.5], [0.5], [0.5], [0.5], [0.5], [0.5], [0.5], [0.5], [0.5], [0.5], [0.5], [0.5], [0.5], [0.5], [0.5], [0.5], [0.5], [1.0], [0.5], [0.5], [0.5], [0.5], [0.5], [0.5], [0.5], [0.5], [0.5], [1.0], [0.5], [0.5], [0.5], [0.5], [0.0], [0.5], [0.5], [0.0], [0.5], [0.5], [1.0], [0.0], [0.5], [0.5], [0.5], [0.5], [0.5], [0.5], [0.5], [0.5], [0.5], [0.5], [0.5], [0.5], [1.0], [0.5], [0.5], [0.5], [0.5], [0.5], [0.5], [0.5]]
RA:	[[0.5], [1.0], [0.5], [0.5], [0.0], [0.0], [0.0], [0.5], [0.5], [0.0], [0.5], [1.0], [0.0], [0.5], [1.0], [0.5], [0.5], [0.0], [0.5], [0.0], [0.5], [0.5], [0.5], [0.0], [0.5], [0.0], [0.5], [0.0], [0.0], [0.0], [0.5], [0.0], [0.5], [0.5], [0.5], [0.5], [0.5], [0.5], [1.0], [0.0], [0.5], [0.5], [0.5], [0.0], [0.5], [0.5], [0.5], [0.5], [1.0], [0.0], [0.5], [0.5], [0.5], [0.0], [0.5], [0.5], [0.0], [0.5], [0.5], [1.0], [0.0], [0.5], [0.5], [0.5], [0.5], [0.5], [0.5], [0.5], [0.5], [0.5], [0.5], [0.0], [0.5], [1.0], [0.5], [0.0], [0.5], [0.5], [0.0], [0.0], [0.5]]
PGU:	[[0.0017510054], [0.014852794], [0.045227516], [0.0037012442], [0.088048235], [0.17717846], [0.18408756], [0.033309], [0.006799061], [0.004371027], [0.17616363], [0.06451332], [0.049150623], [0.00054250367], [0.013887283], [0.18224584], [0.09785744], [0.016576136], [0.019446898], [0.3701101], [0.18601763], [0.002602953], [0.13543455], [0.011358299], [0.034447737], [0.12930842], [0.18719497], [0.001021356], [0.014726962], [0.00016543744], [0.0002577028], [0.10190214], [0.17025873], [0.042603705], [0.022210067], [0.19082645], [0.0015575873], [0.08741147], [0.15807873], [0.11031944], [0.19467944], [0.0021211843], [0.062240507], [0.036079634], [0.004821599], [0.0033532402], [0.032456703], [0.011311879], [0.0040117432], [0.15631592], [0.0069149123], [0.020655353], [0.034671456], [0.20593059], [0.00035344614], [0.075682424], [0.15816054], [0.0041257464], [0.055549897], [0.025959168], [0.2528541], [0.014862878], [0.0089956615], [0.05180832], [0.19551367], [0.0057101734], [0.13115263], [0.0071184817], [0.12764655], [0.08765422], [0.19271643], [0.032731563], [0.13358006], [0.08487747], [0.08423711], [0.19651061], [0.16036254], [0.091870286], [0.19369328], [0.013489685], [0.078942016]]
PGI:	[[0.06513337], [0.18314934], [0.22405379], [0.09204281], [0.00050367834], [0.0038108635], [0.3626624], [0.20451903], [0.11519385], [0.101093866], [0.36337858], [0.28629795], [0.23724584], [0.0416232], [0.17759253], [0.36041033], [0.29369074], [0.16212042], [0.17545314], [0.0618096], [0.36436206], [0.08576808], [0.33080515], [0.13412932], [0.20733301], [0.32408878], [0.36870697], [0.05189002], [0.15373814], [0.024001556], [0.027704608], [0.29926085], [0.3547811], [0.21576923], [0.18184723], [0.36944717], [0.067524984], [0.28728154], [0.3758547], [0.31076238], [0.3744495], [0.07755167], [0.2535172], [0.21172863], [0.09799576], [0.08491566], [0.20984346], [0.1391558], [0.11903039], [0.34313014], [0.1234977], [0.17523165], [0.2040338], [0.006455309], [0.033025336], [0.27701744], [0.00274584], [0.098585516], [0.24729368], [0.22070546], [0.014267895], [0.15191689], [0.12962027], [0.23672397], [0.37741405], [0.106095314], [0.32325837], [0.12200017], [0.3253874], [0.28591636], [0.37329894], [0.20208257], [0.32417393], [0.31507337], [0.2834779], [0.3716364], [0.35092637], [0.286848], [0.36706486], [0.14959626], [0.27868477]]
orig_inds:	[0, 1, 2, 3, 4, 5, 6, 7, 8, 9, 10, 11, 12, 13, 14, 15, 16, 18, 19, 21, 22, 23, 24, 26, 27, 28, 29, 30, 31, 33, 34, 37, 38, 39, 41, 43, 44, 46, 47, 48, 49, 52, 53, 54, 55, 56, 57, 58, 59, 61, 63, 64, 65, 66, 67, 68, 69, 70, 72, 73, 74, 76, 77, 78, 79, 80, 81, 82, 83, 84, 87, 88, 89, 91, 93, 94, 95, 96, 97, 98, 99]
