
FA:	[[1.0], [1.0], [1.0], [1.0], [0.0], [0.0], [0.0], [1.0], [1.0], [0.0], [1.0], [1.0], [0.0], [1.0], [1.0], [1.0], [1.0], [0.0], [1.0], [0.0], [1.0], [1.0], [1.0], [0.0], [1.0], [0.0], [1.0], [0.0], [0.0], [0.0], [1.0], [0.0], [1.0], [1.0], [1.0], [1.0], [1.0], [1.0], [1.0], [0.0], [1.0], [1.0], [1.0], [0.0], [1.0], [1.0], [1.0], [1.0], [1.0], [0.0], [1.0], [1.0], [1.0], [0.0], [1.0], [1.0], [0.0], [1.0], [1.0], [1.0], [0.0], [1.0], [1.0], [1.0], [1.0], [1.0], [1.0], [1.0], [1.0], [1.0], [1.0], [0.0], [1.0], [1.0], [1.0], [0.0], [1.0], [1.0], [0.0], [0.0], [1.0]]
RA:	[[1.0], [1.0], [1.0], [1.0], [0.0], [0.0], [0.0], [1.0], [1.0], [0.0], [1.0], [1.0], [0.0], [1.0], [1.0], [1.0], [1.0], [0.0], [1.0], [0.0], [1.0], [1.0], [1.0], [0.0], [1.0], [0.0], [1.0], [0.0], [0.0], [0.0], [1.0], [0.0], [1.0], [1.0], [1.0], [1.0], [1.0], [1.0], [1.0], [0.0], [1.0], [1.0], [1.0], [0.0], [1.0], [1.0], [1.0], [1.0], [1.0], [0.0], [1.0], [1.0], [1.0], [0.0], [1.0], [1.0], [0.0], [1.0], [1.0], [1.0], [0.0], [1.0], [1.0], [1.0], [1.0], [1.0], [1.0], [1.0], [1.0], [1.0], [1.0], [0.0], [1.0], [1.0], [1.0], [0.0], [1.0], [1.0], [0.0], [0.0], [1.0]]
PGU:	[[0.002083906], [0.023004849], [0.045178514], [0.004373616], [0.086155005], [0.17555645], [0.36998934], [0.034682967], [0.0073484434], [0.10752743], [0.189676], [0.09144869], [0.24407461], [0.0005681826], [0.023523094], [0.18193407], [0.106733054], [0.16501042], [0.020125076], [0.36956045], [0.19491689], [0.0031288713], [0.13984032], [0.15441209], [0.037027802], [0.32993615], [0.1931688], [0.05911683], [0.16465351], [0.027494794], [0.00028207075], [0.31492817], [0.1759204], [0.04425579], [0.025132708], [0.19653584], [0.0017672754], [0.09242968], [0.2052073], [0.31072325], [0.20684676], [0.0024743034], [0.06844967], [0.21772273], [0.004988375], [0.003569006], [0.036469616], [0.011915615], [0.0067403144], [0.34710857], [0.007941833], [0.023558272], [0.037590962], [0.20885025], [0.000378124], [0.079571925], [0.15847862], [0.005144937], [0.059513185], [0.04059504], [0.25140515], [0.014730675], [0.00977332], [0.05564887], [0.20297515], [0.0062031113], [0.1355192], [0.008220333], [0.13367799], [0.091784544], [0.20273344], [0.21077955], [0.13687548], [0.11736089], [0.089027956], [0.3762564], [0.1672598], [0.09590876], [0.37387097], [0.15525317], [0.08373721]]
PGI:	[[0.06968893], [0.17964457], [0.22278948], [0.08925239], [0.0004934411], [0.0037216477], [0.060707502], [0.19937663], [0.11817926], [0.00084331504], [0.36113524], [0.28685513], [0.01134238], [0.03880076], [0.1764807], [0.3594267], [0.2950551], [0.0032967934], [0.17077464], [0.061101716], [0.36484793], [0.08145778], [0.32593593], [0.0022058599], [0.20993511], [0.037156437], [0.36644393], [0.00018767119], [0.0028921163], [3.256202e-05], [0.028970154], [0.026618393], [0.35249546], [0.21723108], [0.18011275], [0.3716407], [0.063769795], [0.28734884], [0.37247184], [0.029484693], [0.3770835], [0.07848863], [0.255781], [0.007651885], [0.10005747], [0.08637622], [0.20710891], [0.13498089], [0.11221514], [0.048024736], [0.11505871], [0.17607306], [0.20818737], [0.006235013], [0.031114768], [0.26701704], [0.0026815394], [0.10212899], [0.2467989], [0.21271765], [0.013918731], [0.15244055], [0.12665576], [0.23665693], [0.37335053], [0.10984292], [0.3240832], [0.12058602], [0.3220677], [0.27815226], [0.37197772], [0.006950219], [0.32380465], [0.31206495], [0.2782653], [0.0660699], [0.3457869], [0.28955334], [0.06344079], [0.0026943982], [0.27046117]]
orig_inds:	[0, 1, 2, 3, 4, 5, 6, 7, 8, 9, 10, 11, 12, 13, 14, 15, 16, 18, 19, 21, 22, 23, 24, 26, 27, 28, 29, 30, 31, 33, 34, 37, 38, 39, 41, 43, 44, 46, 47, 48, 49, 52, 53, 54, 55, 56, 57, 58, 59, 61, 63, 64, 65, 66, 67, 68, 69, 70, 72, 73, 74, 76, 77, 78, 79, 80, 81, 82, 83, 84, 87, 88, 89, 91, 93, 94, 95, 96, 97, 98, 99]
