
FA:	[[1.0], [1.0], [1.0], [1.0], [0.0], [0.0], [0.0], [1.0], [1.0], [0.0], [1.0], [1.0], [0.0], [1.0], [1.0], [1.0], [1.0], [0.0], [1.0], [0.0], [1.0], [1.0], [1.0], [0.0], [1.0], [0.0], [1.0], [0.0], [0.0], [0.0], [1.0], [0.0], [1.0], [1.0], [1.0], [1.0], [1.0], [1.0], [1.0], [0.0], [1.0], [1.0], [1.0], [0.0], [1.0], [1.0], [1.0], [1.0], [1.0], [0.0], [1.0], [1.0], [1.0], [0.0], [1.0], [1.0], [0.0], [1.0], [1.0], [1.0], [0.0], [1.0], [1.0], [1.0], [1.0], [1.0], [1.0], [1.0], [1.0], [1.0], [1.0], [0.0], [1.0], [1.0], [1.0], [0.0], [1.0], [1.0], [0.0], [0.0], [1.0]]
RA:	[[1.0], [1.0], [1.0], [1.0], [0.0], [0.0], [0.0], [1.0], [1.0], [0.0], [1.0], [1.0], [0.0], [1.0], [1.0], [1.0], [1.0], [0.0], [1.0], [0.0], [1.0], [1.0], [1.0], [0.0], [1.0], [0.0], [1.0], [0.0], [0.0], [0.0], [1.0], [0.0], [1.0], [1.0], [1.0], [1.0], [1.0], [1.0], [1.0], [0.0], [1.0], [1.0], [1.0], [0.0], [1.0], [1.0], [1.0], [1.0], [1.0], [0.0], [1.0], [1.0], [1.0], [0.0], [1.0], [1.0], [0.0], [1.0], [1.0], [1.0], [0.0], [1.0], [1.0], [1.0], [1.0], [1.0], [1.0], [1.0], [1.0], [1.0], [1.0], [0.0], [1.0], [1.0], [1.0], [0.0], [1.0], [1.0], [0.0], [0.0], [1.0]]
PGU:	[[0.0021482003], [0.024881978], [0.044797923], [0.004117469], [0.08804947], [0.17894144], [0.3697539], [0.034715217], [0.0074641504], [0.10555097], [0.18822524], [0.094146505], [0.23910189], [0.0006263969], [0.022761308], [0.17853309], [0.10467587], [0.17313923], [0.020650493], [0.3707746], [0.18921408], [0.003021882], [0.14000227], [0.14981285], [0.03734588], [0.32956445], [0.19413754], [0.05826264], [0.16578123], [0.027288824], [0.00028909958], [0.30491436], [0.1786834], [0.042658873], [0.024538063], [0.19798042], [0.0017082437], [0.09384715], [0.20304975], [0.30850568], [0.20554449], [0.0024722281], [0.06810415], [0.22116363], [0.005182719], [0.0037471429], [0.03685092], [0.011707596], [0.006738347], [0.35213292], [0.007935095], [0.024544042], [0.037937745], [0.2024965], [0.0003888631], [0.081512466], [0.15451406], [0.005063963], [0.059079614], [0.040386047], [0.25345758], [0.014480302], [0.010165753], [0.05581778], [0.20414153], [0.006296874], [0.13819048], [0.008432096], [0.13644017], [0.09003946], [0.20175788], [0.21252173], [0.13321969], [0.119472764], [0.08883317], [0.37876394], [0.16459718], [0.096205056], [0.37288746], [0.15954971], [0.08305501]]
PGI:	[[0.06832561], [0.17133813], [0.22191072], [0.09125245], [0.0004978859], [0.0036982594], [0.060875665], [0.19922714], [0.11317461], [0.00082371646], [0.36335137], [0.28074944], [0.011222737], [0.037920687], [0.17847143], [0.36002162], [0.29368058], [0.0032739602], [0.16711187], [0.060954303], [0.3621346], [0.082866974], [0.32783636], [0.002237997], [0.20789942], [0.037048865], [0.3667198], [0.00018694444], [0.0028985275], [3.146037e-05], [0.028148962], [0.026824597], [0.35035837], [0.21434748], [0.18846558], [0.36941886], [0.06431038], [0.28712133], [0.3724308], [0.030103855], [0.37708917], [0.07365798], [0.25870454], [0.007683319], [0.10027406], [0.088751346], [0.20645498], [0.14061707], [0.11458169], [0.048110534], [0.11690378], [0.17879075], [0.20478778], [0.0062491125], [0.029093292], [0.269927], [0.002691326], [0.10638592], [0.24281067], [0.21468902], [0.013867118], [0.14363568], [0.13155366], [0.23512487], [0.3721355], [0.106383726], [0.324409], [0.122199185], [0.3254595], [0.2823459], [0.37563273], [0.006842166], [0.31725925], [0.31005198], [0.27987012], [0.066608705], [0.349306], [0.29653424], [0.06405577], [0.0027146856], [0.27786058]]
orig_inds:	[0, 1, 2, 3, 4, 5, 6, 7, 8, 9, 10, 11, 12, 13, 14, 15, 16, 18, 19, 21, 22, 23, 24, 26, 27, 28, 29, 30, 31, 33, 34, 37, 38, 39, 41, 43, 44, 46, 47, 48, 49, 52, 53, 54, 55, 56, 57, 58, 59, 61, 63, 64, 65, 66, 67, 68, 69, 70, 72, 73, 74, 76, 77, 78, 79, 80, 81, 82, 83, 84, 87, 88, 89, 91, 93, 94, 95, 96, 97, 98, 99]
