
FA:	[[1.0], [1.0], [1.0], [1.0], [0.0], [0.0], [0.0], [1.0], [1.0], [0.0], [1.0], [1.0], [0.0], [1.0], [1.0], [1.0], [1.0], [0.0], [1.0], [0.0], [1.0], [1.0], [1.0], [0.0], [1.0], [0.0], [1.0], [0.0], [0.0], [0.0], [1.0], [0.0], [1.0], [1.0], [1.0], [1.0], [1.0], [1.0], [1.0], [0.0], [1.0], [1.0], [1.0], [0.0], [1.0], [1.0], [1.0], [1.0], [1.0], [0.0], [1.0], [1.0], [1.0], [0.0], [1.0], [1.0], [0.0], [1.0], [1.0], [1.0], [0.0], [1.0], [1.0], [1.0], [1.0], [1.0], [1.0], [1.0], [1.0], [1.0], [1.0], [0.0], [1.0], [1.0], [1.0], [0.0], [1.0], [1.0], [0.0], [0.0], [1.0]]
RA:	[[1.0], [1.0], [1.0], [1.0], [0.0], [0.0], [0.0], [1.0], [1.0], [0.0], [1.0], [1.0], [0.0], [1.0], [1.0], [1.0], [1.0], [0.0], [1.0], [0.0], [1.0], [1.0], [1.0], [0.0], [1.0], [0.0], [1.0], [0.0], [0.0], [0.0], [1.0], [0.0], [1.0], [1.0], [1.0], [1.0], [1.0], [1.0], [1.0], [0.0], [1.0], [1.0], [1.0], [0.0], [1.0], [1.0], [1.0], [1.0], [1.0], [0.0], [1.0], [1.0], [1.0], [0.0], [1.0], [1.0], [0.0], [1.0], [1.0], [1.0], [0.0], [1.0], [1.0], [1.0], [1.0], [1.0], [1.0], [1.0], [1.0], [1.0], [1.0], [0.0], [1.0], [1.0], [1.0], [0.0], [1.0], [1.0], [0.0], [0.0], [1.0]]
PGU:	[[0.002091148], [0.02475843], [0.04521543], [0.004042196], [0.086002715], [0.17092139], [0.36861578], [0.035983607], [0.007540896], [0.109414466], [0.18565513], [0.091755986], [0.24376753], [0.0005921892], [0.022874262], [0.17901857], [0.10534802], [0.17056803], [0.020002201], [0.37074947], [0.18920386], [0.0030708585], [0.1406584], [0.14791298], [0.038451314], [0.3308495], [0.19141631], [0.05769662], [0.16148548], [0.028028794], [0.0002879279], [0.30192482], [0.17535599], [0.042082977], [0.024731455], [0.1990404], [0.0017302517], [0.09266585], [0.2044221], [0.3190172], [0.208607], [0.0025868136], [0.069216855], [0.22067893], [0.005180994], [0.0036480553], [0.03435775], [0.011253387], [0.007033273], [0.34963498], [0.00793294], [0.023847602], [0.038086083], [0.21233213], [0.00038414344], [0.08203512], [0.15610045], [0.0051647625], [0.058922973], [0.04050627], [0.2587563], [0.014865163], [0.00998895], [0.056457862], [0.20430769], [0.00631622], [0.1380854], [0.008371159], [0.1339166], [0.0881707], [0.20170732], [0.21516638], [0.13523673], [0.11771747], [0.08673756], [0.37599945], [0.16916692], [0.09610783], [0.37116823], [0.1592992], [0.08571765]]
PGI:	[[0.066611156], [0.17951597], [0.21779184], [0.09334393], [0.00049855805], [0.0037229182], [0.061005443], [0.20506936], [0.11744883], [0.0008222677], [0.36576903], [0.2840385], [0.011237069], [0.037833072], [0.17840163], [0.35828954], [0.29139853], [0.0032956111], [0.16724175], [0.06110689], [0.36399707], [0.07780546], [0.33147272], [0.0022210074], [0.20741387], [0.03744398], [0.36991686], [0.00018694559], [0.002874832], [3.1974538e-05], [0.026865948], [0.02693963], [0.35421705], [0.2166655], [0.17774826], [0.36868653], [0.06426146], [0.28521326], [0.3726854], [0.029703803], [0.3726104], [0.07637786], [0.2618183], [0.0077529997], [0.10145999], [0.08660258], [0.20607866], [0.13811606], [0.11162238], [0.048228968], [0.11963618], [0.17967986], [0.2074546], [0.0062709646], [0.032109395], [0.2687919], [0.0026653367], [0.097813815], [0.24324594], [0.21705298], [0.014053452], [0.15005606], [0.12682137], [0.24386162], [0.3703321], [0.10981437], [0.32399467], [0.11827774], [0.32474303], [0.2804011], [0.37185806], [0.0068777953], [0.3229807], [0.31398192], [0.282702], [0.06584996], [0.3486564], [0.2936691], [0.06474664], [0.0026909641], [0.2725466]]
orig_inds:	[0, 1, 2, 3, 4, 5, 6, 7, 8, 9, 10, 11, 12, 13, 14, 15, 16, 18, 19, 21, 22, 23, 24, 26, 27, 28, 29, 30, 31, 33, 34, 37, 38, 39, 41, 43, 44, 46, 47, 48, 49, 52, 53, 54, 55, 56, 57, 58, 59, 61, 63, 64, 65, 66, 67, 68, 69, 70, 72, 73, 74, 76, 77, 78, 79, 80, 81, 82, 83, 84, 87, 88, 89, 91, 93, 94, 95, 96, 97, 98, 99]
