
FA:	[[0.5], [0.75], [0.5], [0.5], [0.5], [0.5], [0.5], [0.5], [0.5], [0.5], [0.5], [0.5], [0.5], [0.75], [0.5], [0.75], [0.5], [0.5], [0.5], [0.5], [0.5], [0.5], [0.25], [0.5], [0.5], [0.5], [0.25], [0.5], [0.5], [0.5], [0.5], [0.75], [0.25], [0.5], [0.25], [0.5], [0.25], [0.25], [0.75], [0.5], [0.75], [0.75], [0.5], [0.5], [0.25], [0.5], [0.25], [0.5], [0.5], [0.5], [0.5], [0.75], [0.5], [0.5], [0.5], [0.75], [0.5], [0.5], [0.5], [0.75], [0.5], [0.5], [0.5], [0.5], [0.5], [0.5], [0.5], [0.5], [0.25], [0.5], [0.25], [0.5], [0.5], [0.75], [0.75], [0.75], [0.5], [0.75], [0.5], [0.5], [0.5]]
RA:	[[0.25], [0.5], [0.25], [0.25], [0.0], [0.0], [0.0], [0.25], [0.25], [0.0], [0.5], [0.5], [0.25], [0.5], [0.5], [0.25], [0.5], [0.0], [0.25], [0.0], [0.25], [0.25], [0.25], [0.0], [0.25], [0.0], [0.25], [0.0], [0.0], [0.25], [0.25], [0.25], [0.25], [0.5], [0.25], [0.5], [0.25], [0.25], [0.5], [0.0], [0.25], [0.25], [0.5], [0.0], [0.25], [0.25], [0.25], [0.5], [0.5], [0.0], [0.25], [0.25], [0.5], [0.0], [0.5], [0.5], [0.0], [0.25], [0.25], [0.75], [0.0], [0.5], [0.25], [0.25], [0.5], [0.25], [0.25], [0.25], [0.25], [0.5], [0.25], [0.0], [0.5], [0.75], [0.5], [0.25], [0.25], [0.5], [0.0], [0.0], [0.25]]
PGU:	[[0.0015206938], [0.008884546], [0.037008982], [0.0031007468], [0.0014362322], [0.015573583], [0.1599679], [0.01597702], [0.0037937816], [0.0024954877], [0.16352352], [0.054481972], [0.04455311], [0.0002228584], [0.011559943], [0.11804019], [0.0898347], [0.009398552], [0.01414652], [0.13806142], [0.13682015], [0.002223954], [0.13474773], [0.005333303], [0.017564138], [0.11890906], [0.17625298], [0.0007081701], [0.008237297], [0.00014521102], [0.00018625654], [0.054607037], [0.15800613], [0.03729541], [0.020128164], [0.17785162], [0.0014828937], [0.08216209], [0.12447312], [0.08881724], [0.12697905], [0.0015610082], [0.05143725], [0.027793448], [0.004021057], [0.0017305758], [0.030371817], [0.008986869], [0.0028411332], [0.1122442], [0.0053325426], [0.008776204], [0.029786022], [0.017465102], [0.00028455094], [0.03913187], [0.007797723], [0.003892656], [0.034804158], [0.017684713], [0.03807509], [0.011748853], [0.0049685608], [0.03209461], [0.1712364], [0.0042046728], [0.092886865], [0.007152622], [0.12127299], [0.07718051], [0.19523758], [0.025286483], [0.117902674], [0.06326536], [0.042071857], [0.12231273], [0.11632417], [0.048576042], [0.14653775], [0.009889811], [0.042021666]]
PGI:	[[0.072455645], [0.1892917], [0.2238435], [0.09551671], [0.08585741], [0.17159018], [0.36486742], [0.21196431], [0.11989349], [0.09950019], [0.36642262], [0.29196578], [0.23565307], [0.04454801], [0.17980808], [0.3622826], [0.3020983], [0.1625731], [0.16876791], [0.36910293], [0.3652226], [0.08324254], [0.32841456], [0.15110615], [0.21050915], [0.32252955], [0.3671094], [0.053774323], [0.16330837], [0.024144813], [0.02873326], [0.30453444], [0.35160232], [0.22079529], [0.18102434], [0.36790115], [0.064831436], [0.28939715], [0.37612313], [0.30275118], [0.3787544], [0.08001829], [0.26326758], [0.21349642], [0.10648233], [0.092650406], [0.20186947], [0.14003518], [0.120017834], [0.34177858], [0.12262269], [0.18371148], [0.2085989], [0.20203471], [0.032954015], [0.27918783], [0.14853454], [0.10041142], [0.23868904], [0.21843518], [0.25489557], [0.14788747], [0.13673733], [0.24444258], [0.37639558], [0.11053727], [0.3298927], [0.12140421], [0.3246843], [0.28277856], [0.37420374], [0.20792717], [0.3219892], [0.31332582], [0.28164536], [0.37368745], [0.34960285], [0.29553142], [0.37544212], [0.14928676], [0.27943212]]
orig_inds:	[0, 1, 2, 3, 4, 5, 6, 7, 8, 9, 10, 11, 12, 13, 14, 15, 16, 18, 19, 21, 22, 23, 24, 26, 27, 28, 29, 30, 31, 33, 34, 37, 38, 39, 41, 43, 44, 46, 47, 48, 49, 52, 53, 54, 55, 56, 57, 58, 59, 61, 63, 64, 65, 66, 67, 68, 69, 70, 72, 73, 74, 76, 77, 78, 79, 80, 81, 82, 83, 84, 87, 88, 89, 91, 93, 94, 95, 96, 97, 98, 99]
