
FA:	[[0.5], [1.0], [0.5], [0.5], [0.0], [0.0], [0.5], [0.5], [0.5], [0.5], [0.5], [1.0], [0.5], [0.5], [1.0], [0.5], [0.5], [0.5], [0.5], [0.0], [0.5], [0.5], [0.5], [0.5], [0.5], [0.5], [0.5], [0.5], [0.5], [0.5], [0.5], [0.5], [0.5], [0.5], [0.5], [0.5], [0.5], [0.5], [1.0], [0.5], [0.5], [0.5], [0.5], [0.5], [0.5], [0.5], [0.5], [0.5], [1.0], [0.5], [0.5], [0.5], [0.5], [0.0], [0.5], [0.5], [0.0], [0.5], [0.5], [1.0], [0.0], [0.5], [0.5], [0.5], [0.5], [0.5], [0.5], [0.5], [0.5], [0.5], [0.5], [0.5], [0.5], [1.0], [0.5], [0.5], [0.5], [0.5], [0.5], [0.5], [0.5]]
RA:	[[0.5], [1.0], [0.5], [0.5], [0.0], [0.0], [0.0], [0.5], [0.5], [0.0], [0.5], [1.0], [0.0], [0.5], [1.0], [0.5], [0.5], [0.0], [0.5], [0.0], [0.5], [0.5], [0.5], [0.0], [0.5], [0.0], [0.5], [0.0], [0.0], [0.0], [0.5], [0.0], [0.5], [0.5], [0.5], [0.5], [0.5], [0.5], [1.0], [0.0], [0.5], [0.5], [0.5], [0.0], [0.5], [0.5], [0.5], [0.5], [1.0], [0.0], [0.5], [0.5], [0.5], [0.0], [0.5], [0.5], [0.0], [0.5], [0.5], [1.0], [0.0], [0.5], [0.5], [0.5], [0.5], [0.5], [0.5], [0.5], [0.5], [0.5], [0.5], [0.0], [0.5], [1.0], [0.5], [0.0], [0.5], [0.5], [0.0], [0.0], [0.5]]
PGU:	[[0.0016803406], [0.01446996], [0.044014227], [0.0037906296], [0.08867207], [0.18339875], [0.18438825], [0.033038065], [0.0068431343], [0.0044463417], [0.17779733], [0.0641907], [0.050654273], [0.00056465244], [0.014028502], [0.1806927], [0.10244395], [0.016418668], [0.019072866], [0.36984292], [0.18524463], [0.0026901586], [0.13658462], [0.011420944], [0.035908222], [0.13005833], [0.18632244], [0.0010537765], [0.014631883], [0.00017517382], [0.00026256262], [0.10141882], [0.16950922], [0.041806918], [0.022070149], [0.19050798], [0.0014899118], [0.08976356], [0.159885], [0.10745608], [0.19459425], [0.0021669057], [0.062112555], [0.03699365], [0.004707258], [0.0031583302], [0.03218262], [0.011273991], [0.0040046885], [0.15574782], [0.006783705], [0.021103723], [0.034213006], [0.20905578], [0.00034854424], [0.07621764], [0.161579], [0.0042590015], [0.056206495], [0.026265267], [0.25445202], [0.014485843], [0.008739357], [0.052523334], [0.1930255], [0.005714867], [0.13536878], [0.0068748505], [0.12649997], [0.08895252], [0.19148198], [0.033019103], [0.1327586], [0.08379162], [0.084263235], [0.19431724], [0.16220011], [0.09126859], [0.19132438], [0.014202722], [0.080272116]]
PGI:	[[0.07160265], [0.17643957], [0.22042827], [0.09139698], [0.00050477835], [0.003822536], [0.36749166], [0.21064708], [0.11414874], [0.09612553], [0.36677733], [0.2906108], [0.23362021], [0.041582853], [0.18360406], [0.3575623], [0.30125117], [0.16331887], [0.16536653], [0.06275449], [0.36843643], [0.08570707], [0.33281758], [0.14325921], [0.21248855], [0.32398853], [0.36765462], [0.05288289], [0.15839402], [0.02373184], [0.029486855], [0.29408878], [0.35582015], [0.21628053], [0.1856716], [0.37251273], [0.065462224], [0.28287196], [0.3760035], [0.31020838], [0.37502095], [0.076769166], [0.26222068], [0.21404372], [0.098195106], [0.08608477], [0.20542836], [0.13838765], [0.11460415], [0.34294245], [0.12108201], [0.17967556], [0.2112348], [0.0063690688], [0.033446837], [0.27601114], [0.002708875], [0.09881378], [0.24806748], [0.21888201], [0.0141353365], [0.14859417], [0.12611383], [0.23591873], [0.3740028], [0.109919384], [0.32884467], [0.123933285], [0.3285943], [0.28331122], [0.37476468], [0.20444864], [0.3215197], [0.31097853], [0.27482435], [0.3739675], [0.34869528], [0.28702563], [0.36804494], [0.15279458], [0.2717668]]
orig_inds:	[0, 1, 2, 3, 4, 5, 6, 7, 8, 9, 10, 11, 12, 13, 14, 15, 16, 18, 19, 21, 22, 23, 24, 26, 27, 28, 29, 30, 31, 33, 34, 37, 38, 39, 41, 43, 44, 46, 47, 48, 49, 52, 53, 54, 55, 56, 57, 58, 59, 61, 63, 64, 65, 66, 67, 68, 69, 70, 72, 73, 74, 76, 77, 78, 79, 80, 81, 82, 83, 84, 87, 88, 89, 91, 93, 94, 95, 96, 97, 98, 99]
