
FA:	[[1.0], [1.0], [1.0], [1.0], [1.0], [1.0], [1.0], [1.0], [1.0], [1.0], [1.0], [1.0], [1.0], [1.0], [1.0], [1.0], [1.0], [1.0], [1.0], [1.0], [1.0], [1.0], [1.0], [1.0], [1.0], [1.0], [1.0], [1.0], [1.0], [1.0], [1.0], [1.0], [1.0], [1.0], [1.0], [1.0], [1.0], [1.0], [1.0], [1.0], [1.0], [1.0], [1.0], [1.0], [1.0], [1.0], [1.0], [1.0], [1.0], [1.0], [1.0], [1.0], [1.0], [1.0], [1.0], [1.0], [1.0], [1.0], [1.0], [1.0], [1.0], [1.0], [1.0], [1.0], [1.0], [1.0], [1.0], [1.0], [1.0], [1.0], [1.0], [1.0], [1.0], [1.0], [1.0], [1.0], [1.0], [1.0], [1.0], [1.0], [1.0], [1.0], [1.0], [1.0]]
RA:	[[1.0], [1.0], [1.0], [1.0], [1.0], [1.0], [0.5], [0.5], [0.0], [1.0], [1.0], [0.0], [0.25], [0.5], [1.0], [1.0], [0.5], [1.0], [1.0], [0.5], [0.0], [1.0], [1.0], [1.0], [1.0], [0.25], [0.5], [0.25], [1.0], [0.5], [0.5], [1.0], [1.0], [0.5], [1.0], [0.5], [0.5], [0.5], [0.0], [1.0], [1.0], [1.0], [0.5], [0.5], [1.0], [0.25], [0.5], [0.5], [0.5], [1.0], [0.5], [1.0], [1.0], [1.0], [0.5], [0.5], [0.5], [0.25], [0.5], [1.0], [0.5], [1.0], [0.5], [0.25], [1.0], [1.0], [0.5], [1.0], [1.0], [0.25], [1.0], [1.0], [0.25], [1.0], [0.5], [0.5], [0.5], [1.0], [0.5], [0.5], [1.0], [1.0], [1.0], [0.5]]
PGU:	[[0.0], [0.0], [0.0], [0.0], [0.0], [0.0], [0.0], [0.0], [0.0], [0.0], [0.0], [5.9604645e-08], [0.0], [0.0], [0.0], [0.0], [0.0], [0.0], [0.0], [0.0], [0.0], [0.0], [0.0], [0.0], [0.0], [0.0], [0.0], [0.0], [0.0], [0.0], [0.0], [0.0], [0.0], [0.0], [0.0], [0.0], [0.0], [0.0], [0.0], [0.0], [0.0], [0.0], [0.0], [0.0], [0.0], [0.0], [0.0], [0.0], [0.0], [0.0], [0.0], [0.0], [0.0], [0.0], [0.0], [0.0], [2.9802322e-08], [0.0], [0.0], [0.0], [0.0], [0.0], [0.0], [0.0], [0.0], [0.0], [0.0], [0.0], [0.0], [0.0], [0.0], [0.0], [0.0], [0.0], [0.0], [0.0], [0.0], [0.0], [0.0], [0.0], [2.9802322e-08], [0.0], [0.0], [0.0]]
PGI:	[[0.043192055], [0.041715533], [0.046736512], [0.04298626], [0.04036452], [0.047230422], [0.039888892], [0.047736894], [0.047494475], [0.03728828], [0.0371485], [0.045004845], [0.033734493], [0.04652117], [0.04593113], [0.045392834], [0.04534773], [0.0471109], [0.03218024], [0.046663545], [0.035947297], [0.04762184], [0.047536764], [0.047450252], [0.03710505], [0.040812474], [0.043704435], [0.037148498], [0.0477737], [0.03902094], [0.0473724], [0.04369232], [0.041825235], [0.047181617], [0.043886937], [0.04078802], [0.047989037], [0.047734838], [0.048356567], [0.03893318], [0.04459823], [0.03949686], [0.04710156], [0.045987017], [0.040223174], [0.04776296], [0.03945735], [0.034117907], [0.047022957], [0.04700076], [0.044708747], [0.043184694], [0.03483513], [0.04776201], [0.047001638], [0.0436757], [0.040254153], [0.047831062], [0.048104655], [0.04707594], [0.046515632], [0.046997517], [0.03219244], [0.047676273], [0.04767904], [0.04761349], [0.03399956], [0.03709279], [0.04705117], [0.047106795], [0.044248186], [0.03935117], [0.046461258], [0.046958946], [0.047825616], [0.047434576], [0.03993127], [0.04451366], [0.042059977], [0.047360953], [0.04570408], [0.044146176], [0.048277687], [0.036203668]]
orig_inds:	[0, 1, 2, 3, 4, 5, 6, 7, 8, 11, 13, 14, 15, 16, 17, 19, 21, 22, 23, 25, 26, 28, 30, 31, 32, 33, 34, 35, 36, 37, 38, 40, 41, 42, 43, 44, 45, 46, 48, 49, 50, 51, 53, 54, 55, 56, 57, 58, 59, 60, 61, 63, 64, 65, 68, 69, 70, 71, 72, 73, 74, 75, 76, 77, 78, 79, 80, 81, 82, 84, 85, 86, 87, 88, 89, 90, 91, 92, 93, 94, 95, 96, 98, 99]
