
FA:	[[0.0], [0.0], [0.0], [1.0], [1.0], [0.0], [1.0], [0.0], [0.0], [0.0], [1.0], [1.0], [1.0], [1.0], [1.0], [1.0], [0.0], [1.0], [1.0], [1.0], [0.0], [1.0], [1.0], [0.0], [0.0], [1.0], [1.0], [1.0], [1.0], [0.0], [0.0], [0.0], [1.0], [0.0], [1.0], [1.0], [1.0], [0.0], [1.0], [1.0], [0.0], [1.0], [1.0], [0.0], [0.0], [1.0], [1.0], [0.0], [1.0], [0.0], [1.0], [1.0], [1.0], [1.0], [0.0], [1.0], [1.0], [1.0], [1.0], [0.0], [1.0], [0.0], [1.0], [1.0], [1.0], [1.0], [1.0], [1.0], [0.0], [0.0], [1.0], [1.0], [1.0], [1.0], [1.0], [1.0], [1.0], [1.0], [1.0], [1.0], [0.0], [0.0], [0.0], [0.0]]
RA:	[[0.0], [0.0], [0.0], [1.0], [1.0], [0.0], [1.0], [0.0], [0.0], [0.0], [1.0], [1.0], [1.0], [1.0], [1.0], [1.0], [0.0], [1.0], [1.0], [1.0], [0.0], [1.0], [1.0], [0.0], [0.0], [1.0], [1.0], [1.0], [1.0], [0.0], [0.0], [0.0], [1.0], [0.0], [1.0], [1.0], [1.0], [0.0], [1.0], [1.0], [0.0], [1.0], [1.0], [0.0], [0.0], [1.0], [1.0], [0.0], [1.0], [0.0], [1.0], [1.0], [1.0], [1.0], [0.0], [1.0], [1.0], [1.0], [1.0], [0.0], [1.0], [0.0], [1.0], [1.0], [1.0], [1.0], [1.0], [1.0], [0.0], [0.0], [1.0], [1.0], [1.0], [1.0], [1.0], [1.0], [1.0], [1.0], [1.0], [1.0], [0.0], [0.0], [0.0], [0.0]]
PGU:	[[0.0038918834], [0.049481638], [0.16094178], [0.15198179], [0.019359432], [0.16078845], [0.1300542], [0.15998071], [0.045148943], [0.060147706], [0.1533632], [0.12041426], [0.11209717], [0.079183996], [0.08055619], [0.046189852], [0.07958051], [0.060041975], [0.14387462], [0.011442566], [0.07115073], [0.15314512], [0.04880947], [0.059703358], [0.110915855], [0.14168444], [0.106528714], [0.12482464], [0.15278533], [0.087323844], [0.028051553], [0.1525292], [0.03840721], [0.09775695], [0.1369362], [0.12076408], [0.12750202], [0.091156624], [0.13411559], [0.11873864], [0.018943584], [0.14051935], [0.063222565], [0.08780305], [0.06392268], [0.14467444], [0.08389892], [0.160837], [0.0051746857], [0.15579197], [0.11163332], [0.14293471], [0.086001456], [0.100689344], [0.083210155], [0.08355539], [0.004129863], [0.15323159], [0.0056572366], [0.18729883], [0.12379434], [0.14485629], [0.13014287], [0.10308931], [0.14444718], [0.1302167], [0.15100087], [0.15138204], [0.098107606], [0.017420758], [0.08945517], [0.003131638], [0.123614796], [0.13212563], [0.15402998], [0.018051], [0.14694878], [0.01025962], [0.074435525], [0.10942368], [0.17608693], [0.13776144], [0.02590038], [0.021889566]]
PGI:	[[0.002551322], [0.0029040396], [0.12337381], [0.13407096], [0.015486153], [0.12271002], [0.1155367], [0.08456677], [0.031363823], [0.0418016], [0.13378748], [0.10602333], [0.097234], [0.06758681], [0.06852018], [0.037941955], [0.056814373], [0.050899256], [0.12720373], [0.009468274], [0.0027993524], [0.13501193], [0.041083757], [0.027286721], [0.011528591], [0.124998756], [0.09273991], [0.10943605], [0.13357033], [0.041514345], [0.019610597], [0.11915282], [0.03246753], [0.04790053], [0.11896882], [0.103252195], [0.110823594], [0.06622208], [0.117583826], [0.1020675], [0.00061123836], [0.123876914], [0.053962957], [0.0418257], [0.028726734], [0.1269765], [0.07074202], [0.12345929], [0.004218041], [0.082911976], [0.096724644], [0.124817386], [0.073918864], [0.08498016], [0.0393863], [0.07162305], [0.0034192929], [0.13295837], [0.004519074], [0.016491774], [0.10636978], [0.011385086], [0.11500616], [0.08675114], [0.12634945], [0.113721706], [0.13337497], [0.13391453], [0.047412477], [0.011609367], [0.076521106], [0.002533756], [0.10700694], [0.11645385], [0.13412002], [0.015066472], [0.1291411], [0.008562383], [0.06372323], [0.09446152], [0.09667204], [0.015294835], [0.017539132], [0.009083841]]
orig_inds:	[0, 1, 2, 3, 4, 5, 6, 8, 9, 11, 12, 13, 14, 15, 16, 18, 21, 22, 23, 24, 25, 26, 27, 28, 31, 33, 34, 35, 36, 37, 38, 39, 40, 41, 42, 43, 44, 46, 47, 49, 50, 51, 53, 54, 55, 56, 57, 58, 59, 60, 61, 62, 64, 65, 66, 67, 69, 70, 71, 72, 74, 75, 76, 78, 79, 80, 81, 82, 83, 84, 85, 86, 87, 88, 89, 90, 91, 92, 93, 95, 96, 97, 98, 99]
