
FA:	[[1.0], [0.5], [1.0], [0.5], [1.0], [1.0], [1.0], [0.5], [1.0], [0.5], [1.0], [0.5], [1.0], [1.0], [0.5], [1.0], [0.5], [1.0], [1.0], [1.0], [0.0], [1.0], [1.0], [0.5], [0.5], [1.0], [1.0], [1.0], [1.0], [0.0], [0.5], [0.5], [1.0], [0.5], [1.0], [1.0], [1.0], [1.0], [0.5], [1.0], [0.5], [0.5], [0.5], [0.0], [0.5], [1.0], [1.0], [1.0], [0.5], [0.0], [0.5], [1.0], [1.0], [1.0], [0.0], [1.0], [1.0], [1.0], [0.5], [0.5], [1.0], [0.5], [0.5], [0.5], [1.0], [1.0], [1.0], [1.0], [0.5], [0.5], [0.5], [0.5], [1.0], [1.0], [0.5], [1.0], [1.0], [1.0], [0.5], [1.0], [0.0], [0.5], [1.0], [0.5]]
RA:	[[0.0], [0.5], [0.0], [0.5], [1.0], [0.0], [1.0], [0.0], [0.0], [0.0], [1.0], [0.5], [1.0], [1.0], [0.5], [1.0], [0.0], [1.0], [1.0], [1.0], [0.0], [1.0], [1.0], [0.0], [0.0], [1.0], [1.0], [1.0], [1.0], [0.0], [0.0], [0.0], [1.0], [0.5], [1.0], [1.0], [1.0], [0.0], [0.5], [1.0], [0.0], [0.5], [0.5], [0.0], [0.5], [1.0], [1.0], [0.0], [0.5], [0.0], [0.5], [1.0], [1.0], [1.0], [0.0], [1.0], [1.0], [1.0], [0.5], [0.5], [1.0], [0.0], [0.5], [0.5], [1.0], [1.0], [1.0], [1.0], [0.5], [0.0], [0.5], [0.5], [1.0], [1.0], [0.5], [1.0], [1.0], [1.0], [0.5], [1.0], [0.0], [0.5], [0.0], [0.0]]
PGU:	[[0.0018920167], [0.036858037], [0.10234594], [0.1507968], [0.010663933], [0.099668436], [0.08366735], [0.11329962], [0.024214866], [0.05899187], [0.100959055], [0.10037159], [0.071602866], [0.04822825], [0.07826452], [0.02633252], [0.06476544], [0.03564208], [0.09563081], [0.006302247], [0.07111778], [0.10062087], [0.028032627], [0.038513243], [0.08566348], [0.092990585], [0.068228886], [0.079630196], [0.10051048], [0.08662824], [0.027680697], [0.13032837], [0.022227166], [0.072600394], [0.08773104], [0.07706274], [0.0820622], [0.05235238], [0.13404804], [0.0740783], [0.012231852], [0.14333835], [0.050241303], [0.08807292], [0.044936568], [0.093095444], [0.049503256], [0.10113394], [0.0038435136], [0.1534631], [0.09108622], [0.09219107], [0.05203581], [0.060905565], [0.08166589], [0.050286554], [0.0022347101], [0.10009214], [0.0042756484], [0.15782607], [0.07934451], [0.111929774], [0.10735061], [0.10272261], [0.0939045], [0.08296214], [0.099765025], [0.09944182], [0.07144299], [0.017105028], [0.07208922], [0.003103997], [0.078404225], [0.08511293], [0.15341571], [0.010119437], [0.09694604], [0.0057727396], [0.07361007], [0.06862288], [0.17301096], [0.11387169], [0.013288997], [0.013312608]]
PGI:	[[0.004518194], [0.025916211], [0.1715818], [0.13512015], [0.02304038], [0.17082648], [0.15020296], [0.14275521], [0.050899047], [0.04304819], [0.17316893], [0.126671], [0.1304416], [0.09114276], [0.068478175], [0.055772852], [0.072194204], [0.0713486], [0.1647905], [0.014131864], [0.0070598098], [0.17452505], [0.056620885], [0.051149778], [0.0727504], [0.16361417], [0.12508298], [0.1428293], [0.17213984], [0.043317657], [0.019799221], [0.1450592], [0.04663797], [0.080598295], [0.15468797], [0.13614249], [0.14945476], [0.10006778], [0.115759596], [0.13554905], [0.010045298], [0.12374235], [0.066472955], [0.043496616], [0.051457025], [0.16131547], [0.09674697], [0.17185964], [0.00543669], [0.08602637], [0.11966272], [0.16236426], [0.100496694], [0.11565725], [0.040204335], [0.09811146], [0.005220085], [0.17179447], [0.0060517257], [0.123437084], [0.14199759], [0.098402075], [0.1360813], [0.08892287], [0.16509485], [0.14912465], [0.17154709], [0.16984011], [0.082197174], [0.011610235], [0.09204468], [0.0025401616], [0.1418443], [0.15176028], [0.1357381], [0.022777507], [0.16578369], [0.013080019], [0.06270836], [0.12565377], [0.096397035], [0.086094454], [0.029007746], [0.018258981]]
orig_inds:	[0, 1, 2, 3, 4, 5, 6, 8, 9, 11, 12, 13, 14, 15, 16, 18, 21, 22, 23, 24, 25, 26, 27, 28, 31, 33, 34, 35, 36, 37, 38, 39, 40, 41, 42, 43, 44, 46, 47, 49, 50, 51, 53, 54, 55, 56, 57, 58, 59, 60, 61, 62, 64, 65, 66, 67, 69, 70, 71, 72, 74, 75, 76, 78, 79, 80, 81, 82, 83, 84, 85, 86, 87, 88, 89, 90, 91, 92, 93, 95, 96, 97, 98, 99]
