
FA:	[]
RA:	[]
PGU:	[[1.3875245e-06], [0.00056301634], [0.010242695], [5.4056704e-06], [7.3255e-06], [0.00055515376], [0.3024544], [0.00042947987], [1.3087154e-06], [3.8023472e-06], [0.24226896], [0.017200816], [0.05027357], [6.0212014e-06], [0.18378422], [0.1277049], [0.1457543], [0.0003300489], [0.0034877476], [0.3065377], [0.25453085], [1.6276359e-06], [0.22098882], [0.0024994835], [0.022599472], [0.20619707], [0.11152448], [6.331682e-07], [0.253187], [7.652183e-06], [8.21728e-08], [0.008810775], [0.17746276], [6.527679e-05], [0.0445811], [0.019913275], [0.030387094], [0.2607879], [0.05397569], [0.26906228], [0.17386918], [3.831625e-07], [0.0028999795], [0.2692051], [0.04688436], [1.5907466e-06], [0.003117487], [7.868228e-05], [0.09467951], [0.2536697], [7.915056e-06], [0.14408787], [0.0002915768], [0.0018451369], [1.8886328e-07], [0.0040291697], [4.4208764e-06], [9.286633e-05], [0.006280953], [0.15066883], [0.012430117], [7.982254e-06], [8.1535014e-05], [0.27718192], [0.3139595], [4.6618043e-06], [0.011816007], [0.1279215], [0.22013699], [0.018798808], [0.08478001], [0.0015567269], [0.3842569], [0.3576042], [0.09883737], [0.16825168], [0.32601586], [0.12520231], [0.16576192], [7.458742e-05]]
PGI:	[[0.077252105], [0.17954814], [0.22723952], [0.0731722], [0.0703429], [0.15521906], [0.43508092], [0.19661902], [0.05041485], [0.08034058], [0.42625937], [0.32395065], [0.3301139], [0.07139551], [0.00076661934], [0.3488496], [0.346147], [0.13373205], [0.2553551], [0.4270066], [0.42460653], [0.049166627], [0.40281394], [0.24518433], [0.24865918], [0.37692982], [0.34389022], [0.0294483], [0.0089878505], [0.01834414], [0.019144354], [0.26850957], [0.39143404], [0.1799657], [0.17737167], [0.30826548], [2.1290779e-07], [0.078440644], [0.32329413], [0.42708886], [0.41792586], [0.048389807], [0.23289096], [0.0074606882], [5.9530737e-07], [0.0923167], [0.22052224], [0.13887796], [0.00046144734], [0.44214228], [0.086038515], [1.643453e-05], [0.16195107], [0.09983298], [0.01131687], [0.22798921], [0.08811763], [0.057586238], [0.21823545], [0.006427875], [0.25869095], [0.07017228], [0.14408368], [0.06170099], [0.10811357], [0.07388183], [0.22893305], [0.005175734], [0.30536118], [0.2394236], [0.40052003], [0.28245398], [0.45920008], [0.052090377], [0.36061102], [0.39534497], [0.4136006], [0.36325553], [0.3904689], [0.10520598]]
orig_inds:	[0, 1, 5, 6, 7, 9, 10, 11, 12, 13, 14, 15, 16, 17, 18, 20, 21, 22, 23, 24, 25, 26, 27, 28, 29, 30, 31, 32, 33, 34, 36, 37, 38, 39, 40, 41, 42, 43, 44, 45, 46, 48, 50, 52, 53, 54, 55, 56, 57, 58, 60, 61, 62, 64, 65, 66, 67, 68, 71, 73, 74, 75, 76, 77, 80, 81, 82, 83, 84, 87, 88, 89, 90, 91, 92, 93, 94, 96, 97, 98]
