
FA:	[]
RA:	[]
PGU:	[[0.079620704], [0.20072182], [0.23369676], [0.08026251], [0.079433545], [0.16808446], [0.43878672], [0.19883333], [0.05750764], [0.08012629], [0.43443862], [0.30987108], [0.3111124], [0.07000611], [0.1807255], [0.33527777], [0.20974012], [0.13070798], [0.2553595], [0.43060863], [0.43713775], [0.049202073], [0.3891782], [0.24508907], [0.24938142], [0.2651149], [0.34504566], [0.029469326], [0.24784385], [1.6237911e-05], [0.02394085], [0.27974108], [0.3982415], [0.15430412], [0.049124286], [0.30794072], [0.034649473], [0.30183062], [0.3178184], [0.32770428], [0.40819407], [0.050592903], [0.23237216], [0.27187037], [0.05072642], [0.09408082], [0.21853596], [0.14223555], [0.11110969], [0.45175195], [0.09053202], [0.1523719], [0.1651838], [0.101804145], [0.012915664], [0.23185106], [0.08591712], [7.285088e-05], [0.015325037], [0.1680054], [0.27512106], [0.07041916], [0.13912024], [0.28509185], [0.30253518], [0.07580026], [0.25572684], [0.13157457], [0.22814375], [0.2451165], [0.4003768], [0.038274657], [0.46207032], [0.35461986], [0.359637], [0.39525837], [0.40874326], [0.3683324], [0.39460617], [0.11665914]]
PGI:	[[5.215287e-07], [3.260259e-05], [0.0041175624], [5.862713e-08], [8.463859e-08], [1.5767336e-06], [0.051202416], [2.5828731e-05], [4.054308e-08], [5.6517123e-08], [0.019914478], [0.04617034], [0.092283316], [2.2886038e-06], [1.1227751e-05], [0.09893462], [0.32773718], [2.5157571e-05], [0.00012427487], [0.04600133], [0.24079952], [1.275444e-06], [0.29926705], [8.203608e-05], [0.005931694], [0.37608066], [0.01179711], [2.1529198e-08], [0.0033047313], [0.015643409], [6.990916e-08], [0.00074932084], [0.087615244], [0.01481002], [0.17413162], [0.0011932671], [4.416704e-08], [0.0050432947], [0.009940356], [0.40636092], [0.2245355], [2.3448468e-08], [0.0008144489], [0.0015468159], [1.66893e-10], [1.856327e-07], [0.00012604533], [1.507616e-06], [1.1078136e-05], [0.058183014], [6.6703797e-06], [1.1604859e-05], [7.254398e-06], [9.170041e-05], [0.0], [4.9513863e-05], [3.1131983e-06], [0.062098842], [0.22523828], [0.0002537842], [0.00010699484], [2.0073652e-07], [0.00020587893], [0.0077296365], [0.0018844291], [3.4153104e-06], [0.001323132], [0.00018826743], [0.29672447], [0.007842058], [0.022222605], [0.2775289], [0.035875257], [0.0064084306], [0.031750005], [0.10765378], [0.08526314], [0.023263376], [0.019524781], [2.1157146e-06]]
orig_inds:	[0, 1, 5, 6, 7, 9, 10, 11, 12, 13, 14, 15, 16, 17, 18, 20, 21, 22, 23, 24, 25, 26, 27, 28, 29, 30, 31, 32, 33, 34, 36, 37, 38, 39, 40, 41, 42, 43, 44, 45, 46, 48, 50, 52, 53, 54, 55, 56, 57, 58, 60, 61, 62, 64, 65, 66, 67, 68, 71, 73, 74, 75, 76, 77, 80, 81, 82, 83, 84, 87, 88, 89, 90, 91, 92, 93, 94, 96, 97, 98]
