
FA:	[]
RA:	[]
PGU:	[[1.131922e-06], [0.00035937954], [0.01036153], [4.2732418e-06], [5.7257175e-06], [5.1866795e-05], [0.30223057], [0.0004014593], [1.1095404e-06], [3.3140302e-06], [0.22112858], [0.018244637], [0.0441205], [4.4541953e-06], [0.18568714], [0.061226625], [0.093957625], [0.0003388576], [0.002452075], [0.2896715], [0.25487676], [1.4583945e-06], [0.220524], [0.0016846964], [0.017594824], [0.10308467], [0.097319975], [5.264521e-07], [0.26233158], [2.621843e-06], [4.739509e-08], [0.009414121], [0.1412071], [6.4432184e-05], [0.01469263], [0.018328523], [0.028576627], [0.0049563954], [0.04874382], [0.25867623], [0.12932666], [3.7461518e-07], [0.0026156935], [0.021070132], [1.0563314e-06], [1.3467551e-06], [0.0020262448], [5.1645286e-05], [4.9861155e-05], [0.23783499], [6.218177e-06], [0.14545585], [0.0001917628], [0.0018041722], [1.9558668e-07], [0.0026763768], [1.3830304e-06], [8.06058e-05], [0.0063063097], [0.15565613], [0.00995452], [6.1859073e-06], [7.6583514e-05], [0.022935094], [0.051642485], [1.7019033e-06], [0.0073448173], [0.12186002], [0.21539897], [0.011806302], [0.06295368], [0.0013516558], [0.3768732], [0.078096166], [0.10266257], [0.14802983], [0.33237457], [0.11369551], [0.16264872], [4.1394727e-05]]
PGI:	[[0.07920367], [0.17991462], [0.21612675], [0.07492789], [0.0799155], [0.1630172], [0.43578306], [0.19192433], [0.058063764], [0.08380777], [0.4356959], [0.32869542], [0.33404666], [0.07506854], [0.0037427642], [0.35550368], [0.34966293], [0.13237666], [0.26741695], [0.43483433], [0.43032804], [0.055171553], [0.40176508], [0.24134336], [0.24364243], [0.3900886], [0.34312823], [0.030683322], [0.016809942], [0.021502795], [0.01995631], [0.27370605], [0.38960943], [0.18356784], [0.20645425], [0.31054103], [2.0805598e-07], [0.30532587], [0.3221674], [0.4248873], [0.41564536], [0.04742404], [0.23272766], [0.26231334], [0.049274504], [0.09087412], [0.22019954], [0.13902928], [0.10262743], [0.44293764], [0.092328295], [3.477772e-05], [0.16062565], [0.10100163], [0.010899019], [0.22553037], [0.09330125], [0.06060036], [0.22186115], [0.006761361], [0.26468408], [0.06820563], [0.14101316], [0.28147167], [0.30822593], [0.078072995], [0.23529448], [0.0058924765], [0.30240816], [0.24019094], [0.3990655], [0.29139295], [0.45951807], [0.35275817], [0.35122868], [0.40239233], [0.4142607], [0.3564256], [0.39638034], [0.105269164]]
orig_inds:	[0, 1, 5, 6, 7, 9, 10, 11, 12, 13, 14, 15, 16, 17, 18, 20, 21, 22, 23, 24, 25, 26, 27, 28, 29, 30, 31, 32, 33, 34, 36, 37, 38, 39, 40, 41, 42, 43, 44, 45, 46, 48, 50, 52, 53, 54, 55, 56, 57, 58, 60, 61, 62, 64, 65, 66, 67, 68, 71, 73, 74, 75, 76, 77, 80, 81, 82, 83, 84, 87, 88, 89, 90, 91, 92, 93, 94, 96, 97, 98]
