
FA:	[]
RA:	[]
PGU:	[[0.07612606], [0.19844699], [0.22129683], [1.9288826e-05], [5.6395413e-05], [0.0006985874], [0.4360988], [0.20150015], [0.048592303], [0.07422813], [0.43986255], [0.01898875], [0.29860765], [0.06761157], [0.18709464], [0.13926592], [0.14887424], [0.12407051], [0.2613971], [0.43779746], [0.4335354], [0.045912445], [0.23453435], [0.25724956], [0.24258508], [0.24497879], [0.11549083], [0.02460243], [0.25606638], [6.111742e-07], [0.020744229], [0.019830734], [0.39543656], [0.14771754], [0.047277167], [0.29993612], [0.028671097], [0.26840344], [0.30644038], [0.29323068], [0.40049034], [0.04341978], [0.23451819], [0.26367867], [0.049490873], [0.083821274], [0.21707746], [0.13864589], [0.10221414], [0.41625962], [0.08292252], [0.1455015], [0.001975093], [0.099751726], [3.925085e-07], [0.015799379], [5.120331e-06], [8.339367e-05], [0.01514747], [0.15173051], [0.26868916], [0.06265064], [0.00019499473], [0.27991012], [0.31395444], [6.8439545e-06], [0.25150663], [0.12791413], [0.22099495], [0.23479365], [0.3585317], [0.0016592129], [0.4613736], [0.35441583], [0.13948613], [0.38398245], [0.32927278], [0.1322953], [0.39852735], [4.914882e-05]]
PGI:	[[1.4054417e-06], [0.00037737098], [0.018344129], [0.06506935], [0.0727173], [0.16581717], [0.2537932], [0.00030060238], [2.992779e-06], [3.9683746e-05], [0.20080948], [0.33232984], [0.12761335], [6.7186475e-06], [0.00071245135], [0.34477916], [0.34791788], [0.0001821088], [0.0032962044], [0.3171547], [0.29000336], [2.7358294e-06], [0.39545295], [0.002418772], [0.019205347], [0.37939686], [0.3461887], [9.180188e-07], [0.008421087], [0.019982513], [8.276617e-07], [0.25478336], [0.19686118], [0.02975622], [0.17459147], [0.014345961], [2.676487e-07], [0.0520539], [0.20743929], [0.42749068], [0.28498715], [7.7397226e-07], [0.0147896195], [0.00814297], [6.1645505e-07], [6.6201865e-06], [0.002067943], [2.7295142e-05], [0.00014007738], [0.31809887], [5.5558503e-05], [1.4857032e-05], [0.15363538], [0.00077826926], [0.011363149], [0.2257781], [0.085586816], [0.05810087], [0.21344025], [0.0044238484], [0.008933438], [1.7059285e-05], [0.14496572], [0.044836607], [0.06887878], [0.07133917], [0.014382976], [0.0028104838], [0.30239895], [0.030652454], [0.21471548], [0.28516525], [0.3470524], [0.05253733], [0.3508439], [0.20769626], [0.41795728], [0.36821377], [0.097141705], [0.11793694]]
orig_inds:	[0, 1, 5, 6, 7, 9, 10, 11, 12, 13, 14, 15, 16, 17, 18, 20, 21, 22, 23, 24, 25, 26, 27, 28, 29, 30, 31, 32, 33, 34, 36, 37, 38, 39, 40, 41, 42, 43, 44, 45, 46, 48, 50, 52, 53, 54, 55, 56, 57, 58, 60, 61, 62, 64, 65, 66, 67, 68, 71, 73, 74, 75, 76, 77, 80, 81, 82, 83, 84, 87, 88, 89, 90, 91, 92, 93, 94, 96, 97, 98]
