
FA:	[]
RA:	[]
PGU:	[[0.07886922], [0.20257698], [0.2205595], [0.072665915], [4.0602667e-05], [0.0012522596], [0.43958822], [0.2032685], [0.052843623], [0.07352404], [0.43525273], [0.0474825], [0.29318586], [0.069597], [0.16974437], [0.15601721], [0.156103], [0.13982664], [0.25474966], [0.44223902], [0.42914537], [0.049582515], [0.2325174], [0.25186568], [0.24187972], [0.24362092], [0.3327718], [0.024833027], [0.2600329], [4.3220694e-05], [0.02025701], [0.28331038], [0.39260843], [0.15170157], [0.04749068], [0.30169722], [0.031652555], [0.29418242], [0.31540066], [0.29508188], [0.40633968], [0.04734296], [0.23184626], [0.26826298], [0.055068664], [0.09060304], [0.21443115], [0.14021483], [0.10529903], [0.42590654], [0.08794251], [0.14518934], [0.17131327], [0.10890706], [0.0130391875], [0.015251271], [0.07680944], [4.7044225e-05], [0.016024634], [0.16226211], [0.26909956], [0.06869585], [0.00029069948], [0.276612], [0.31512684], [0.0629212], [0.25484857], [0.13753575], [0.2259095], [0.2413755], [0.37057823], [0.016024474], [0.46209708], [0.36362794], [0.14388378], [0.39145744], [0.32921794], [0.33665428], [0.38150904], [0.11063705]]
PGI:	[[5.741596e-07], [3.206024e-05], [0.005399997], [1.6651511e-06], [0.07404086], [0.15658884], [0.16585492], [5.5789853e-05], [1.0892868e-06], [1.7788494e-05], [0.01991347], [0.3305513], [0.10336818], [2.2778033e-06], [0.0005372395], [0.34462103], [0.34453326], [2.6126003e-05], [0.00018126657], [0.2330187], [0.22909664], [1.2711882e-06], [0.39419305], [0.00015853133], [0.007272811], [0.37602052], [0.11061952], [3.5372972e-07], [0.006579093], [0.016695], [1.9763299e-07], [0.0012779934], [0.087309085], [0.014707967], [0.17719664], [0.0016079607], [1.9384622e-07], [0.020016056], [0.19924432], [0.4243025], [0.2412608], [2.9972793e-07], [0.00078827486], [0.001494274], [1.8396378e-07], [2.121389e-06], [0.000123697], [2.2678494e-06], [6.087529e-05], [0.25009593], [6.1618684e-06], [1.4873125e-05], [1.2661361e-05], [0.00027264317], [1.1920929e-11], [0.21798858], [2.8135544e-05], [0.058486927], [0.22380637], [0.0006996795], [0.00017155505], [5.6749464e-06], [0.14822124], [0.046367146], [0.060935095], [1.2432438e-05], [0.001588033], [0.00025758258], [0.30345604], [0.009786721], [0.0993698], [0.28869626], [0.097557425], [0.0062551163], [0.34947866], [0.12184922], [0.4171104], [0.1888751], [0.020407943], [1.2574786e-05]]
orig_inds:	[0, 1, 5, 6, 7, 9, 10, 11, 12, 13, 14, 15, 16, 17, 18, 20, 21, 22, 23, 24, 25, 26, 27, 28, 29, 30, 31, 32, 33, 34, 36, 37, 38, 39, 40, 41, 42, 43, 44, 45, 46, 48, 50, 52, 53, 54, 55, 56, 57, 58, 60, 61, 62, 64, 65, 66, 67, 68, 71, 73, 74, 75, 76, 77, 80, 81, 82, 83, 84, 87, 88, 89, 90, 91, 92, 93, 94, 96, 97, 98]
