
FA:	[[0.6], [0.6], [0.6], [0.6], [0.6], [0.6], [0.4], [0.6], [0.8], [0.6], [0.6], [0.6], [0.6], [0.8], [0.6], [0.6], [0.6], [0.6], [0.6], [0.6], [0.6], [0.6], [0.6], [0.6], [0.6], [0.6], [0.6], [0.6], [0.4], [0.6], [0.6], [0.6], [0.6], [0.6], [0.6], [0.6], [0.6], [0.6], [0.6], [0.6], [0.6], [0.6], [0.6], [0.6], [0.6], [0.6], [0.6], [0.6], [0.6], [0.6], [0.6], [0.6], [0.6]]
RA:	[[0.0], [0.0], [0.0], [0.0], [0.0], [0.0], [0.4], [0.0], [0.6], [0.0], [0.2], [0.0], [0.0], [0.6], [0.0], [0.0], [0.0], [0.0], [0.0], [0.0], [0.0], [0.0], [0.0], [0.4], [0.2], [0.2], [0.0], [0.0], [0.2], [0.0], [0.2], [0.4], [0.2], [0.0], [0.0], [0.0], [0.0], [0.0], [0.2], [0.6], [0.0], [0.4], [0.2], [0.0], [0.0], [0.0], [0.0], [0.0], [0.0], [0.0], [0.2], [0.0], [0.0]]
PGU:	[[0.0007723457], [0.009925869], [0.019316798], [0.0015398824], [0.0010856419], [0.008021285], [0.13724859], [0.015021196], [0.0023022632], [0.0018247796], [0.11599257], [0.046306703], [0.023877384], [0.00016039152], [0.009346246], [0.10464508], [0.052391082], [0.0070883734], [0.008267246], [0.1145022], [0.11358019], [0.0011604805], [0.07788925], [0.004797905], [0.015830914], [0.07316596], [0.11535751], [0.0003983631], [0.008296373], [6.957713e-05], [0.000102150705], [0.053729083], [0.10395285], [0.018390372], [0.009917049], [0.11927507], [0.0006430593], [0.04567095], [0.12482781], [0.08946179], [0.12700614], [0.0009167943], [0.031671025], [0.016314233], [0.0019184216], [0.001322803], [0.014931801], [0.0045177434], [0.0026756518], [0.09212889], [0.0029925324], [0.009788013], [0.016215239]]
PGI:	[[0.075235955], [0.18408692], [0.22495386], [0.10067037], [0.085556164], [0.17423691], [0.3668865], [0.20659097], [0.1253513], [0.10235774], [0.3652871], [0.28545466], [0.2443178], [0.04444683], [0.18345432], [0.36129004], [0.3046024], [0.16888396], [0.16830361], [0.3669291], [0.36761558], [0.08620123], [0.33516753], [0.14547125], [0.21795107], [0.3231995], [0.37031722], [0.05562364], [0.16164573], [0.026493583], [0.030553943], [0.30660823], [0.36240187], [0.22050442], [0.1833875], [0.37211126], [0.07470915], [0.289114], [0.37234706], [0.30626348], [0.3799361], [0.0823329], [0.26538414], [0.21802393], [0.10607612], [0.091842756], [0.203037], [0.13966577], [0.12317715], [0.3479233], [0.1273789], [0.18388057], [0.2169907]]
orig_inds:	[0, 1, 2, 3, 6, 8, 9, 10, 12, 13, 14, 16, 18, 23, 24, 28, 29, 30, 32, 33, 34, 36, 37, 39, 43, 44, 46, 47, 48, 49, 52, 55, 57, 59, 61, 63, 64, 67, 69, 71, 74, 75, 76, 77, 79, 81, 82, 83, 85, 92, 97, 98, 99]
