
FA:	[]
RA:	[]
PGU:	[[0.0], [6.8212103e-12], [2.9802322e-08], [0.0], [0.0], [2.9802322e-08], [4.1909516e-09], [0.0], [8.940697e-08], [0.0], [0.0], [0.0], [2.3874236e-12], [8.1490725e-10], [0.0], [4.4703484e-08], [0.0], [2.9802322e-08], [0.0], [0.0], [0.0], [1.7462298e-09], [3.1664968e-08], [3.0733645e-08], [1.2732926e-11], [0.0], [0.0], [0.0], [0.0], [0.0], [9.313226e-10], [0.0], [0.0], [1.1920929e-07], [8.1490725e-10], [0.0], [0.0], [0.0], [0.0], [0.0], [0.0], [0.0], [2.9802322e-08], [0.0], [5.820766e-10], [2.6077032e-08], [0.0], [0.0], [2.9802322e-08], [0.0], [0.0], [0.0], [0.0], [0.0], [2.9802322e-08], [0.0], [1.4551915e-11], [8.940697e-08], [2.2351742e-08], [8.940697e-08], [0.0], [2.910383e-10], [0.0], [5.820766e-10], [0.0], [5.9604645e-08], [0.0], [1.4551915e-10], [6.519258e-09], [2.7939677e-09], [0.0], [0.0], [0.0], [2.9802322e-08], [8.940697e-08], [0.0], [0.0], [0.0], [0.0], [0.0], [5.9604645e-08], [0.0], [6.9849193e-09], [0.0], [0.0], [1.0477379e-09], [1.8626451e-08], [8.940697e-08], [0.0], [0.0]]
PGI:	[[7.470804e-05], [0.00019918352], [0.35438666], [0.059504222], [0.016317211], [0.35889786], [0.1191067], [0.18754718], [0.36668444], [0.00035236604], [6.72582e-05], [0.07514723], [1.6484564e-05], [0.12009086], [0.043920327], [0.34461465], [0.0042952746], [0.35870415], [6.6001684e-07], [0.22722088], [0.001034083], [0.08928165], [0.29285184], [0.19974379], [0.0008812173], [0.017992634], [0.11730936], [0.032468297], [0.16716939], [0.00011173737], [0.0806548], [0.06124541], [0.036913004], [0.39365107], [0.09884865], [0.000586417], [0.22786665], [0.052505806], [0.21371253], [0.006531636], [0.05555353], [0.0067954184], [0.35252616], [0.17625074], [0.034612887], [0.3053162], [0.00036046255], [0.00052126707], [0.3529173], [0.002078851], [0.12371338], [0.014565848], [0.00063024653], [0.093138], [0.3606265], [0.00024115565], [0.00012138817], [0.36415458], [0.26814815], [0.36617672], [0.016406596], [0.059470996], [0.00025898023], [0.06289822], [0.045645494], [0.37604293], [0.00057660515], [0.02655166], [0.20853877], [0.1280274], [0.08933477], [0.006866601], [0.04322142], [0.35059595], [0.360306], [0.08753154], [2.1043319e-05], [0.11253057], [0.045122053], [0.16680363], [0.3336432], [0.0033821075], [0.18617016], [0.0004956346], [0.0023499914], [0.100244105], [0.20339452], [0.3657367], [0.08595993], [0.24160652]]
orig_inds:	[0, 1, 2, 3, 4, 5, 6, 7, 8, 9, 10, 12, 13, 14, 15, 16, 18, 19, 20, 21, 22, 23, 24, 25, 26, 27, 28, 29, 30, 31, 32, 33, 34, 35, 36, 39, 40, 41, 42, 43, 44, 45, 46, 47, 49, 50, 51, 52, 53, 54, 55, 56, 57, 58, 59, 60, 61, 62, 63, 64, 65, 66, 68, 69, 70, 71, 72, 73, 74, 75, 76, 77, 78, 79, 80, 81, 82, 83, 84, 86, 87, 89, 90, 91, 92, 93, 94, 95, 96, 98, 100, 101, 102, 103, 104, 105, 106, 107, 108, 109, 110, 111, 112, 113, 114, 115, 116, 117, 118, 119, 120, 121, 122, 123, 124, 125, 126, 127, 128, 129, 130, 131, 132, 133, 134, 135, 136, 137, 138, 139, 140, 141, 142, 143, 144, 145, 146, 147, 148, 149]
