
FA:	[]
RA:	[]
PGU:	[[0.0], [0.0], [0.0], [0.0], [0.0], [0.0], [3.259629e-09], [0.0], [0.0], [0.0], [0.0], [0.0], [2.3874236e-12], [1.6298145e-09], [0.0], [0.0], [0.0], [0.0], [0.0], [0.0], [0.0], [9.313226e-10], [2.6077032e-08], [0.0], [0.0], [0.0], [0.0], [0.0], [0.0], [0.0], [0.0], [0.0], [0.0], [5.9604645e-08], [0.0], [0.0], [0.0], [4.0745363e-10], [0.0], [0.0], [0.0], [0.0], [0.0], [0.0], [5.820766e-10], [1.4901161e-08], [0.0], [0.0], [0.0], [0.0], [0.0], [0.0], [0.0], [4.656613e-10], [0.0], [0.0], [0.0], [0.0], [1.1175871e-08], [0.0], [1.6007107e-10], [0.0], [0.0], [5.820766e-10], [0.0], [0.0], [0.0], [1.4551915e-10], [0.0], [0.0], [0.0], [0.0], [0.0], [0.0], [0.0], [0.0], [0.0], [0.0], [0.0], [0.0], [2.3841858e-07], [2.7284841e-11], [0.0], [0.0], [0.0], [0.0], [3.7252903e-08]]
PGI:	[[7.985468e-05], [0.00010586525], [0.3520628], [0.06214342], [0.017964259], [0.3573245], [0.11774846], [0.19209881], [0.36883724], [0.00045465436], [6.908361e-05], [0.07780021], [1.7832917e-05], [0.119773924], [0.042859085], [0.3444455], [0.0043868367], [0.35523215], [6.319552e-07], [0.22715327], [0.0009684869], [0.088523544], [0.2995098], [0.19460508], [0.0010442678], [0.017672472], [0.11769811], [0.030113894], [0.16698495], [0.00010963182], [0.07797903], [0.06009812], [0.03876066], [0.39571807], [0.10066066], [0.00076830114], [0.22733472], [0.054586817], [0.22131696], [0.007461592], [0.05414275], [0.0059875217], [0.3591793], [0.16841915], [0.033226594], [0.30431128], [0.00047877597], [0.0005854773], [0.3573852], [0.0018458716], [0.1256308], [0.015389619], [0.00067249214], [0.09458466], [0.35395095], [0.00017746694], [0.00019454524], [0.36300015], [0.27688757], [0.3665906], [0.016121168], [0.058948968], [0.00026082768], [0.06087946], [0.047309693], [0.37795976], [0.0006688035], [0.026859332], [0.2069945], [0.12727286], [0.08836082], [0.0069881333], [0.041277118], [0.35498622], [0.36505377], [0.08784884], [2.065997e-05], [0.10913197], [0.04389946], [0.17222592], [0.33217663], [0.002337564], [0.18775457], [0.00057412515], [0.0025007462], [0.09766468], [0.19578503]]
orig_inds:	[1, 2, 3, 4, 5, 6, 7, 8, 11, 13, 14, 15, 16, 17, 19, 20, 21, 22, 23, 24, 25, 26, 27, 28, 30, 31, 32, 33, 34, 35, 36, 37, 38, 39, 40, 41, 42, 43, 44, 45, 48, 49, 50, 51, 53, 54, 55, 56, 57, 58, 59, 60, 61, 63, 64, 65, 67, 68, 69, 70, 71, 72, 73, 74, 75, 77, 78, 79, 80, 81, 82, 84, 85, 86, 87, 88, 89, 90, 91, 92, 93, 94, 95, 96, 97, 98, 99]
