
FA:	[[1.0], [1.0], [1.0], [1.0], [1.0], [1.0], [1.0], [1.0], [1.0], [1.0], [1.0], [1.0], [1.0], [1.0], [1.0], [1.0], [1.0], [1.0], [1.0], [1.0], [1.0], [1.0], [1.0], [1.0], [1.0], [1.0], [1.0], [1.0], [1.0], [1.0], [1.0], [1.0], [1.0], [1.0], [1.0], [1.0], [1.0], [1.0], [1.0], [1.0], [1.0], [1.0], [1.0], [1.0], [1.0], [1.0], [1.0], [1.0], [1.0], [1.0], [1.0], [1.0], [1.0], [1.0], [1.0], [1.0], [1.0], [1.0], [1.0], [1.0], [1.0], [1.0], [1.0], [1.0], [1.0], [1.0], [1.0], [1.0], [1.0], [1.0], [1.0], [1.0], [1.0], [1.0], [1.0], [1.0], [1.0], [1.0], [1.0], [1.0], [1.0], [1.0], [1.0], [1.0]]
RA:	[[1.0], [0.5], [1.0], [0.5], [0.5], [0.5], [0.5], [0.5], [1.0], [0.5], [0.5], [0.5], [1.0], [0.5], [1.0], [0.5], [1.0], [1.0], [1.0], [0.5], [0.5], [0.5], [0.5], [0.5], [0.5], [1.0], [0.5], [1.0], [0.5], [0.5], [0.5], [1.0], [0.5], [0.5], [0.5], [0.5], [1.0], [0.5], [1.0], [1.0], [1.0], [1.0], [0.5], [0.5], [1.0], [0.5], [1.0], [0.5], [1.0], [1.0], [1.0], [0.5], [1.0], [0.5], [0.5], [1.0], [0.5], [0.5], [1.0], [0.5], [0.5], [0.5], [0.5], [0.5], [0.5], [0.5], [0.5], [0.5], [0.5], [0.25], [0.5], [0.5], [0.5], [0.5], [0.5], [1.0], [0.5], [0.5], [0.5], [0.5], [0.5], [1.0], [1.0], [0.5]]
PGU:	[[0.0], [0.0], [0.0], [0.0], [0.0], [0.0], [0.0], [0.0], [0.0], [0.0], [0.0], [5.9604645e-08], [0.0], [0.0], [0.0], [0.0], [0.0], [0.0], [0.0], [0.0], [0.0], [0.0], [0.0], [0.0], [0.0], [0.0], [0.0], [0.0], [0.0], [0.0], [0.0], [0.0], [0.0], [0.0], [0.0], [0.0], [0.0], [0.0], [0.0], [0.0], [0.0], [0.0], [0.0], [0.0], [0.0], [0.0], [0.0], [0.0], [0.0], [0.0], [0.0], [0.0], [0.0], [0.0], [0.0], [0.0], [2.9802322e-08], [0.0], [0.0], [0.0], [0.0], [0.0], [0.0], [0.0], [0.0], [0.0], [0.0], [0.0], [0.0], [0.0], [0.0], [0.0], [0.0], [0.0], [0.0], [0.0], [0.0], [0.0], [0.0], [0.0], [2.9802322e-08], [0.0], [0.0], [0.0]]
PGI:	[[0.04267141], [0.04236796], [0.047472548], [0.042976145], [0.040402494], [0.04709233], [0.04056461], [0.0480644], [0.047980204], [0.03741462], [0.036836125], [0.043901566], [0.03327078], [0.046359602], [0.046449326], [0.04557218], [0.044906672], [0.047711566], [0.032454643], [0.04676855], [0.035911642], [0.04782108], [0.047443956], [0.0473004], [0.0369042], [0.041051477], [0.044201422], [0.037443172], [0.04746914], [0.03925005], [0.047651604], [0.042986434], [0.041590784], [0.046928078], [0.04343558], [0.041279275], [0.04800297], [0.047962513], [0.048379682], [0.039139442], [0.044522557], [0.039374657], [0.047098354], [0.046501648], [0.039881833], [0.04816725], [0.039070047], [0.034654606], [0.04760939], [0.047040153], [0.04470069], [0.042645242], [0.034725033], [0.04766165], [0.046918124], [0.043811556], [0.040419206], [0.0471975], [0.047715448], [0.04825194], [0.046209868], [0.046658605], [0.032575656], [0.048039466], [0.048053887], [0.048501287], [0.034647234], [0.037034344], [0.04716347], [0.04750516], [0.044158887], [0.039575867], [0.04642831], [0.04698183], [0.047310222], [0.046570573], [0.039999694], [0.044189345], [0.0421777], [0.04665508], [0.04596457], [0.043787293], [0.048145436], [0.035488244]]
orig_inds:	[0, 1, 2, 3, 4, 5, 6, 7, 8, 11, 13, 14, 15, 16, 17, 19, 21, 22, 23, 25, 26, 28, 30, 31, 32, 33, 34, 35, 36, 37, 38, 40, 41, 42, 43, 44, 45, 46, 48, 49, 50, 51, 53, 54, 55, 56, 57, 58, 59, 60, 61, 63, 64, 65, 68, 69, 70, 71, 72, 73, 74, 75, 76, 77, 78, 79, 80, 81, 82, 84, 85, 86, 87, 88, 89, 90, 91, 92, 93, 94, 95, 96, 98, 99]
