
FA:	[[0.5], [0.5], [0.5], [0.5], [0.5], [0.5], [0.5], [1.0], [0.5], [0.5], [0.5], [0.5], [0.5], [0.5], [0.5], [0.5], [0.5], [1.0], [0.5], [0.5], [0.5], [0.5], [0.0], [0.5], [0.5], [0.5], [0.5], [0.5], [0.5], [0.5], [0.5], [0.5], [0.5], [0.5], [0.5], [0.5], [0.5], [0.5], [0.5], [0.5], [0.5], [0.5], [0.5], [0.5], [0.5], [0.5], [0.5], [0.5], [0.5], [0.5], [0.5], [1.0], [1.0], [1.0], [0.5], [0.0], [0.5], [0.5], [0.5], [0.5], [0.5], [0.5], [0.5], [0.5], [0.5], [1.0], [0.5], [0.5], [1.0], [0.5], [0.5], [0.5], [0.5], [0.5], [0.5], [0.5], [0.5], [0.5], [0.5], [0.5], [0.5], [0.5], [0.5]]
RA:	[[0.5], [0.5], [0.5], [0.5], [0.5], [0.5], [0.5], [1.0], [0.5], [0.5], [0.5], [0.5], [0.5], [0.5], [0.5], [0.5], [0.5], [1.0], [0.5], [0.5], [0.5], [0.5], [0.0], [0.5], [0.5], [0.5], [0.5], [0.5], [0.5], [0.5], [0.5], [0.5], [0.5], [0.5], [0.5], [0.5], [0.5], [0.5], [0.5], [0.5], [0.5], [0.5], [0.5], [0.5], [0.5], [0.5], [0.5], [0.5], [0.5], [0.5], [0.5], [1.0], [1.0], [1.0], [0.5], [0.0], [0.5], [0.5], [0.5], [0.5], [0.5], [0.5], [0.5], [0.5], [0.5], [1.0], [0.5], [0.5], [1.0], [0.5], [0.5], [0.5], [0.5], [0.5], [0.5], [0.5], [0.5], [0.5], [0.5], [0.5], [0.5], [0.5], [0.5]]
PGU:	[[0.055171654], [0.19709145], [0.014093904], [0.100591235], [0.04300679], [0.014792271], [0.1991265], [0.011445916], [0.0755134], [0.08503873], [0.012011893], [0.016825909], [0.07002588], [0.050075], [0.16438915], [0.13523215], [0.044355], [0.021452798], [0.032808308], [0.006729205], [0.19682005], [0.083040744], [0.15807049], [0.12774281], [0.08090946], [0.059205525], [0.028752085], [0.0145093], [0.011079826], [0.188125], [0.01037405], [0.030394627], [0.027368762], [0.020670524], [0.12983356], [0.14067143], [0.035649873], [0.0039540865], [0.18227722], [0.14681828], [0.19965842], [0.15806435], [0.15291278], [0.025269791], [0.19417974], [0.012896161], [0.039808705], [0.004600566], [0.12862334], [0.08974821], [0.15240769], [0.13963449], [0.060283788], [0.008914844], [0.1450623], [0.20660141], [0.060226995], [0.1955121], [0.03922649], [0.13952425], [0.07018456], [0.058992334], [0.03489004], [0.17043485], [0.13609868], [0.017333036], [0.0065289484], [0.0060628075], [2.4025785e-05], [0.029342184], [0.12402328], [0.16070391], [0.14191663], [0.105920285], [0.14081377], [1.2682676e-07], [0.037489817], [0.18271685], [0.011951752], [0.07705984], [0.015342015], [0.15088284], [0.043211572]]
PGI:	[[0.18051496], [0.3304143], [0.095426634], [0.23758645], [0.17740951], [0.092374645], [0.33298615], [0.0961105], [0.20923483], [0.22760783], [0.081919864], [0.0944078], [0.20153947], [0.16932927], [0.3076136], [0.27431142], [0.16186582], [0.13380688], [0.13859305], [0.05881724], [0.3332271], [0.2144263], [0.0061406908], [0.27230763], [0.2191176], [0.1897272], [0.13935386], [0.088265926], [0.081856064], [0.33669382], [0.07290792], [0.138848], [0.123251475], [0.10954812], [0.2742413], [0.28407064], [0.1461614], [0.04757777], [0.31703952], [0.28887847], [0.33190677], [0.30312043], [0.29319996], [0.12187101], [0.3297308], [0.087487966], [0.15021206], [0.047928132], [0.27228466], [0.22420025], [0.2903836], [0.3117199], [0.21414763], [0.08725025], [0.28847328], [0.02228496], [0.18787359], [0.33151588], [0.14827023], [0.29214674], [0.19890653], [0.18357523], [0.14274462], [0.3095915], [0.2884164], [0.11716266], [0.057749268], [0.05231336], [0.0015276967], [0.13042153], [0.2672295], [0.29919556], [0.2811019], [0.24649301], [0.2852205], [5.5821597e-06], [0.14944838], [0.32140797], [0.08331763], [0.21805805], [0.08974132], [0.2937445], [0.15993355]]
orig_inds:	[0, 1, 2, 3, 4, 5, 6, 7, 8, 9, 11, 13, 14, 15, 16, 17, 18, 19, 21, 22, 23, 24, 25, 27, 28, 29, 30, 31, 32, 34, 35, 36, 37, 38, 39, 40, 41, 42, 44, 45, 46, 47, 49, 51, 52, 53, 54, 55, 56, 57, 59, 61, 62, 63, 65, 66, 67, 68, 69, 71, 72, 73, 74, 76, 77, 79, 80, 81, 82, 83, 84, 85, 86, 88, 89, 90, 91, 93, 94, 95, 96, 98, 99]
