
FA:	[[1.0], [1.0], [1.0], [1.0], [1.0], [1.0], [1.0], [1.0], [1.0], [1.0], [1.0], [1.0], [1.0], [1.0], [1.0], [1.0], [1.0], [1.0], [1.0], [1.0], [1.0], [1.0], [0.0], [1.0], [1.0], [1.0], [1.0], [1.0], [1.0], [1.0], [1.0], [1.0], [1.0], [1.0], [1.0], [1.0], [1.0], [1.0], [1.0], [1.0], [1.0], [1.0], [1.0], [1.0], [1.0], [1.0], [1.0], [1.0], [1.0], [1.0], [1.0], [1.0], [1.0], [1.0], [1.0], [0.0], [1.0], [1.0], [1.0], [1.0], [1.0], [1.0], [1.0], [1.0], [1.0], [1.0], [1.0], [1.0], [1.0], [1.0], [1.0], [1.0], [1.0], [1.0], [1.0], [1.0], [1.0], [1.0], [1.0], [1.0], [1.0], [1.0], [1.0]]
RA:	[[1.0], [1.0], [1.0], [1.0], [1.0], [1.0], [1.0], [1.0], [1.0], [1.0], [1.0], [1.0], [1.0], [1.0], [1.0], [1.0], [1.0], [1.0], [1.0], [1.0], [1.0], [1.0], [0.0], [1.0], [1.0], [1.0], [1.0], [1.0], [1.0], [1.0], [1.0], [1.0], [1.0], [1.0], [1.0], [1.0], [1.0], [1.0], [1.0], [1.0], [1.0], [1.0], [1.0], [1.0], [1.0], [1.0], [1.0], [1.0], [1.0], [1.0], [1.0], [1.0], [1.0], [1.0], [1.0], [0.0], [1.0], [1.0], [1.0], [1.0], [1.0], [1.0], [1.0], [1.0], [1.0], [1.0], [1.0], [1.0], [1.0], [1.0], [1.0], [1.0], [1.0], [1.0], [1.0], [1.0], [1.0], [1.0], [1.0], [1.0], [1.0], [1.0], [1.0]]
PGU:	[[0.0554877], [0.20141926], [0.016608462], [0.104772806], [0.05244808], [0.015948223], [0.20062836], [0.016488526], [0.07745152], [0.089756824], [0.013012121], [0.017220976], [0.0698717], [0.052933265], [0.16677132], [0.13867208], [0.046372596], [0.030326638], [0.033893112], [0.0075491834], [0.19839406], [0.08372211], [0.15805578], [0.13037984], [0.085845664], [0.06340894], [0.032871388], [0.014919948], [0.013116621], [0.1972924], [0.010573862], [0.03472553], [0.027225928], [0.02118085], [0.13606092], [0.14560275], [0.03782992], [0.004800757], [0.18662351], [0.15392943], [0.20051153], [0.16443805], [0.15986626], [0.026940994], [0.19828956], [0.01397458], [0.041871756], [0.0050666383], [0.13280736], [0.09496902], [0.15547964], [0.1685736], [0.080122806], [0.013111069], [0.14702319], [0.21042393], [0.062516555], [0.19896357], [0.04114758], [0.15166287], [0.07231904], [0.05932597], [0.036969643], [0.1775004], [0.14714247], [0.024279758], [0.006635968], [0.006080175], [3.6474048e-05], [0.030884115], [0.12671043], [0.16696164], [0.14526853], [0.10745939], [0.14121458], [1.3779402e-07], [0.040447805], [0.18683408], [0.012651229], [0.08215628], [0.015863175], [0.15666431], [0.046599116]]
PGI:	[[0.18086104], [0.33036798], [0.09290035], [0.24457777], [0.17504166], [0.08953616], [0.32852694], [0.09142187], [0.2106221], [0.225084], [0.079037085], [0.09400586], [0.1975263], [0.17160125], [0.3036429], [0.27602696], [0.16400526], [0.1288119], [0.13867223], [0.058163036], [0.3288759], [0.21782498], [0.0061853947], [0.26885545], [0.21269073], [0.18589199], [0.13837026], [0.089728855], [0.079549246], [0.32998452], [0.07623072], [0.1387402], [0.12526108], [0.10716797], [0.27418685], [0.28199005], [0.14487503], [0.04523054], [0.31910005], [0.2923997], [0.33012342], [0.30123314], [0.29247054], [0.1202177], [0.32483283], [0.08504545], [0.15617599], [0.044262607], [0.26832438], [0.23575105], [0.28711164], [0.30602196], [0.21246457], [0.084026456], [0.29145342], [0.014113745], [0.18936037], [0.33173212], [0.15450943], [0.2887928], [0.20347862], [0.18696533], [0.14116581], [0.31066984], [0.28605986], [0.10966744], [0.05541429], [0.05337639], [0.0011604391], [0.13068211], [0.26327738], [0.30059132], [0.28193986], [0.24969094], [0.2804863], [6.7876877e-06], [0.15156862], [0.32144693], [0.08274621], [0.21110354], [0.09274505], [0.29363224], [0.15838091]]
orig_inds:	[0, 1, 2, 3, 4, 5, 6, 7, 8, 9, 11, 13, 14, 15, 16, 17, 18, 19, 21, 22, 23, 24, 25, 27, 28, 29, 30, 31, 32, 34, 35, 36, 37, 38, 39, 40, 41, 42, 44, 45, 46, 47, 49, 51, 52, 53, 54, 55, 56, 57, 59, 61, 62, 63, 65, 66, 67, 68, 69, 71, 72, 73, 74, 76, 77, 79, 80, 81, 82, 83, 84, 85, 86, 88, 89, 90, 91, 93, 94, 95, 96, 98, 99]
