
FA:	[[0.4], [0.4], [0.8], [0.4], [0.4], [0.6], [0.4], [0.6], [0.2], [0.4], [0.6], [0.6], [0.6], [0.4], [0.6], [0.6], [0.6], [0.8], [0.6], [0.6], [0.4], [0.6], [0.4], [0.6], [0.4], [0.4], [0.8], [0.4], [0.8], [0.6], [0.4], [0.8], [0.6], [0.4], [0.8], [0.4], [0.4], [0.8], [0.6], [0.6], [0.6], [0.4], [0.4], [0.4], [0.6], [0.6], [0.4], [0.6], [0.4], [0.6], [0.6], [0.8], [0.4], [0.6], [0.6], [0.4], [0.6], [0.6], [0.4], [0.8], [0.6], [0.6], [0.4], [0.6], [0.8], [0.8], [0.6], [0.6], [0.4], [0.6], [0.4], [0.6], [0.4], [0.4], [0.6], [0.6], [0.6], [0.4], [0.6], [0.2], [0.4], [0.4], [0.6]]
RA:	[[0.2], [0.2], [0.2], [0.4], [0.2], [0.4], [0.4], [0.4], [0.2], [0.2], [0.4], [0.4], [0.2], [0.2], [0.2], [0.4], [0.4], [0.4], [0.2], [0.2], [0.2], [0.2], [0.0], [0.2], [0.2], [0.4], [0.2], [0.2], [0.2], [0.2], [0.2], [0.2], [0.2], [0.2], [0.2], [0.2], [0.2], [0.2], [0.2], [0.2], [0.2], [0.2], [0.4], [0.2], [0.2], [0.4], [0.2], [0.2], [0.2], [0.4], [0.2], [0.8], [0.4], [0.6], [0.2], [0.0], [0.4], [0.4], [0.2], [0.2], [0.4], [0.4], [0.4], [0.4], [0.2], [0.6], [0.4], [0.4], [0.4], [0.2], [0.4], [0.2], [0.4], [0.2], [0.4], [0.2], [0.2], [0.2], [0.2], [0.2], [0.2], [0.2], [0.4]]
PGU:	[[0.041846897], [0.18493284], [0.0050570406], [0.09344065], [0.038944777], [0.01111277], [0.17938364], [0.0089389905], [0.07218498], [0.0803473], [0.009069763], [0.009570413], [0.035221618], [0.047268614], [0.13511762], [0.11294309], [0.03354546], [0.012084859], [0.021568436], [0.005018326], [0.17666405], [0.046518464], [0.031963896], [0.09049677], [0.07587355], [0.048606895], [0.010980203], [0.010513432], [0.0039560366], [0.13637182], [0.0067395293], [0.012870079], [0.013299945], [0.012302114], [0.07141809], [0.1288261], [0.024579871], [0.0013981619], [0.11831736], [0.123148106], [0.12526475], [0.15248552], [0.1339945], [0.018265044], [0.11809972], [0.009869377], [0.037906993], [0.0019256898], [0.12097656], [0.073852696], [0.084068425], [0.090188704], [0.054083336], [0.00672412], [0.09851072], [0.06147436], [0.04777356], [0.17001192], [0.036393248], [0.107015274], [0.056900185], [0.035808217], [0.028269138], [0.14633854], [0.0918939], [0.0071489993], [0.002588003], [0.0042097485], [2.1075743e-05], [0.012630612], [0.10655715], [0.11490913], [0.13176933], [0.08627759], [0.11847324], [9.069443e-08], [0.017298644], [0.17659791], [0.0085509205], [0.07667076], [0.012413322], [0.11695275], [0.033728115]]
PGI:	[[0.18194127], [0.33376667], [0.10216686], [0.2414514], [0.17707814], [0.09623505], [0.33396488], [0.10071194], [0.21108276], [0.22578414], [0.085870504], [0.10528296], [0.20924959], [0.17973016], [0.30857295], [0.28181624], [0.16357478], [0.13745883], [0.14158326], [0.061201055], [0.33458668], [0.22175385], [0.14421107], [0.2784089], [0.22014253], [0.19097702], [0.14608166], [0.092939734], [0.09460337], [0.33585167], [0.0812264], [0.14970164], [0.13035652], [0.110886425], [0.2866006], [0.28576055], [0.15048417], [0.050516814], [0.3298044], [0.2963955], [0.3402741], [0.30676827], [0.30025712], [0.1229266], [0.3350342], [0.08975809], [0.15483022], [0.05335881], [0.27224222], [0.23503089], [0.3008723], [0.31144318], [0.21354768], [0.08926355], [0.2961012], [0.2032679], [0.19259614], [0.33799827], [0.15569746], [0.29712933], [0.2072571], [0.1892834], [0.14457078], [0.3127733], [0.29390427], [0.12707438], [0.06121787], [0.053590953], [0.0018117384], [0.13979836], [0.2685659], [0.30648866], [0.28806102], [0.25255626], [0.2851051], [6.7179562e-06], [0.15616012], [0.32280505], [0.085926846], [0.21469444], [0.093487896], [0.29911292], [0.16354528]]
orig_inds:	[0, 1, 2, 3, 4, 5, 6, 7, 8, 9, 11, 13, 14, 15, 16, 17, 18, 19, 21, 22, 23, 24, 25, 27, 28, 29, 30, 31, 32, 34, 35, 36, 37, 38, 39, 40, 41, 42, 44, 45, 46, 47, 49, 51, 52, 53, 54, 55, 56, 57, 59, 61, 62, 63, 65, 66, 67, 68, 69, 71, 72, 73, 74, 76, 77, 79, 80, 81, 82, 83, 84, 85, 86, 88, 89, 90, 91, 93, 94, 95, 96, 98, 99]
