
FA:	[[1.0], [1.0], [1.0], [1.0], [1.0], [1.0], [1.0], [1.0], [1.0], [1.0], [1.0], [1.0], [1.0], [1.0], [1.0], [1.0], [1.0], [1.0], [1.0], [1.0], [1.0], [1.0], [0.0], [1.0], [1.0], [1.0], [1.0], [1.0], [1.0], [1.0], [1.0], [1.0], [1.0], [1.0], [1.0], [1.0], [1.0], [1.0], [1.0], [1.0], [1.0], [1.0], [1.0], [1.0], [1.0], [1.0], [1.0], [1.0], [1.0], [1.0], [1.0], [1.0], [1.0], [1.0], [1.0], [0.0], [1.0], [1.0], [1.0], [1.0], [1.0], [1.0], [1.0], [1.0], [1.0], [1.0], [1.0], [1.0], [1.0], [1.0], [1.0], [1.0], [1.0], [1.0], [1.0], [1.0], [1.0], [1.0], [1.0], [1.0], [1.0], [1.0], [1.0]]
RA:	[[1.0], [1.0], [1.0], [1.0], [1.0], [1.0], [1.0], [1.0], [1.0], [1.0], [1.0], [1.0], [1.0], [1.0], [1.0], [1.0], [1.0], [1.0], [1.0], [1.0], [1.0], [1.0], [0.0], [1.0], [1.0], [1.0], [1.0], [1.0], [1.0], [1.0], [1.0], [1.0], [1.0], [1.0], [1.0], [1.0], [1.0], [1.0], [1.0], [1.0], [1.0], [1.0], [1.0], [1.0], [1.0], [1.0], [1.0], [1.0], [1.0], [1.0], [1.0], [1.0], [1.0], [1.0], [1.0], [0.0], [1.0], [1.0], [1.0], [1.0], [1.0], [1.0], [1.0], [1.0], [1.0], [1.0], [1.0], [1.0], [1.0], [1.0], [1.0], [1.0], [1.0], [1.0], [1.0], [1.0], [1.0], [1.0], [1.0], [1.0], [1.0], [1.0], [1.0]]
PGU:	[[0.057181645], [0.19999425], [0.016180307], [0.10419426], [0.05286133], [0.015793037], [0.19846544], [0.016612943], [0.07747031], [0.09031061], [0.013143461], [0.017542087], [0.07029803], [0.053618412], [0.16653986], [0.13911265], [0.04739821], [0.02920288], [0.033158753], [0.007510006], [0.19725572], [0.08528015], [0.16079052], [0.13141514], [0.08467487], [0.06340903], [0.032898564], [0.015199014], [0.013198107], [0.19829161], [0.01088918], [0.03524844], [0.027696276], [0.021488043], [0.13857132], [0.14408375], [0.036829416], [0.0047446657], [0.18565512], [0.1542612], [0.20070149], [0.16539806], [0.15826204], [0.026825495], [0.1967726], [0.014415392], [0.040665522], [0.004878978], [0.12990527], [0.095236875], [0.15302962], [0.1696279], [0.07914063], [0.013127827], [0.14968291], [0.21268263], [0.06456277], [0.20018753], [0.040492438], [0.15336011], [0.07290954], [0.059127424], [0.03638646], [0.17663974], [0.1510642], [0.023796897], [0.006470727], [0.006045867], [3.663758e-05], [0.02933009], [0.12677184], [0.16377394], [0.14608437], [0.10943999], [0.14503962], [1.3780594e-07], [0.03875395], [0.1892066], [0.013162106], [0.08343366], [0.01511596], [0.15578519], [0.04551045]]
PGI:	[[0.17961839], [0.33146632], [0.090868086], [0.2413693], [0.17000182], [0.09125973], [0.33091998], [0.09487339], [0.20755337], [0.2228763], [0.081892975], [0.09514403], [0.19748276], [0.16951722], [0.3074417], [0.28122023], [0.16004308], [0.13099182], [0.1384383], [0.058115497], [0.3306683], [0.22288299], [0.0060470747], [0.27112827], [0.22081792], [0.18928419], [0.13669378], [0.08806565], [0.07973878], [0.33044687], [0.072740346], [0.13820584], [0.122895606], [0.104309715], [0.27210507], [0.28592515], [0.14578901], [0.04787608], [0.32126755], [0.29134876], [0.3353878], [0.2998974], [0.29545936], [0.12028246], [0.3274788], [0.08732317], [0.14991806], [0.04619838], [0.27358112], [0.23379853], [0.288998], [0.30218008], [0.21096878], [0.08366364], [0.28803822], [0.013758493], [0.18851689], [0.3333198], [0.15164526], [0.2903825], [0.199598], [0.18334664], [0.13876812], [0.31211555], [0.28862837], [0.11226448], [0.056053046], [0.05221858], [0.001305037], [0.12875532], [0.26888373], [0.29969472], [0.2842881], [0.24197796], [0.28276], [6.298935e-06], [0.1470055], [0.32297045], [0.08423663], [0.20896763], [0.09148677], [0.29192582], [0.16036983]]
orig_inds:	[0, 1, 2, 3, 4, 5, 6, 7, 8, 9, 11, 13, 14, 15, 16, 17, 18, 19, 21, 22, 23, 24, 25, 27, 28, 29, 30, 31, 32, 34, 35, 36, 37, 38, 39, 40, 41, 42, 44, 45, 46, 47, 49, 51, 52, 53, 54, 55, 56, 57, 59, 61, 62, 63, 65, 66, 67, 68, 69, 71, 72, 73, 74, 76, 77, 79, 80, 81, 82, 83, 84, 85, 86, 88, 89, 90, 91, 93, 94, 95, 96, 98, 99]
