
FA:	[[0.5], [0.25], [0.75], [0.25], [0.5], [0.5], [0.5], [0.5], [0.25], [0.25], [0.5], [0.5], [0.75], [0.25], [0.25], [0.5], [0.5], [0.5], [0.25], [0.25], [0.25], [0.75], [0.0], [0.25], [0.25], [0.5], [0.75], [0.25], [0.75], [0.75], [0.5], [1.0], [0.75], [0.25], [0.5], [0.25], [0.5], [0.75], [0.75], [0.25], [0.5], [0.25], [0.5], [0.5], [0.75], [0.5], [0.25], [0.5], [0.25], [0.5], [0.5], [0.75], [0.5], [0.75], [0.75], [0.25], [0.5], [0.5], [0.25], [0.5], [0.5], [0.5], [0.5], [0.5], [0.5], [0.75], [0.5], [0.5], [0.5], [0.5], [0.5], [0.25], [0.25], [0.25], [0.5], [0.25], [0.5], [0.25], [0.5], [0.25], [0.25], [0.25], [0.5]]
RA:	[[0.25], [0.25], [0.25], [0.25], [0.25], [0.25], [0.5], [0.5], [0.25], [0.25], [0.25], [0.25], [0.25], [0.25], [0.25], [0.25], [0.25], [0.5], [0.25], [0.25], [0.25], [0.25], [0.0], [0.25], [0.25], [0.5], [0.25], [0.25], [0.25], [0.25], [0.25], [0.25], [0.25], [0.25], [0.25], [0.25], [0.25], [0.25], [0.25], [0.25], [0.25], [0.25], [0.5], [0.25], [0.25], [0.25], [0.25], [0.25], [0.25], [0.25], [0.25], [0.75], [0.5], [0.75], [0.25], [0.0], [0.25], [0.25], [0.25], [0.25], [0.25], [0.25], [0.5], [0.5], [0.25], [0.75], [0.5], [0.5], [0.5], [0.25], [0.5], [0.25], [0.25], [0.25], [0.25], [0.25], [0.25], [0.25], [0.25], [0.25], [0.25], [0.25], [0.25]]
PGU:	[[0.04147868], [0.18801406], [0.008731349], [0.0978488], [0.038248453], [0.012507851], [0.17964853], [0.009533252], [0.07424499], [0.083650224], [0.009753703], [0.010835512], [0.037901364], [0.04947641], [0.15668757], [0.11996006], [0.03789749], [0.018108515], [0.029296607], [0.006068943], [0.19199923], [0.046556395], [0.15965322], [0.11935683], [0.07572814], [0.050513197], [0.018791929], [0.014086467], [0.0068308], [0.14125806], [0.0067800707], [0.012998735], [0.013462253], [0.01851742], [0.09848845], [0.13223518], [0.024124235], [0.002451377], [0.11863458], [0.14551945], [0.16168456], [0.1546579], [0.14048162], [0.0199059], [0.12832493], [0.011000077], [0.036993206], [0.0029236188], [0.11890742], [0.079988636], [0.117705934], [0.10195215], [0.054132257], [0.0066462457], [0.099739395], [0.06250354], [0.051074468], [0.17718539], [0.035596896], [0.13001893], [0.062063843], [0.039645404], [0.028514704], [0.14949466], [0.12720111], [0.010781667], [0.004648488], [0.004515323], [2.049657e-05], [0.01928477], [0.10823354], [0.15143636], [0.13862719], [0.10409647], [0.12532592], [1.1789799e-07], [0.025603632], [0.17659475], [0.008777335], [0.074885316], [0.013075682], [0.15004782], [0.036967985]]
PGI:	[[0.18368009], [0.33359963], [0.09938174], [0.24285743], [0.18113716], [0.092791624], [0.33442235], [0.10121742], [0.20678113], [0.22858703], [0.08646534], [0.10530991], [0.20658122], [0.175504], [0.30089906], [0.27851757], [0.16401565], [0.13634413], [0.13681006], [0.05975932], [0.33031672], [0.22554146], [0.012980657], [0.27194273], [0.21884553], [0.18646574], [0.14040963], [0.09169491], [0.08693856], [0.33687735], [0.08263645], [0.15365732], [0.13448323], [0.10881098], [0.2824545], [0.28685397], [0.15084538], [0.051701058], [0.32665002], [0.28933245], [0.33675236], [0.30459768], [0.29795778], [0.12642594], [0.33467895], [0.0897753], [0.15227993], [0.049278527], [0.2728044], [0.23089302], [0.2942316], [0.31144777], [0.2157992], [0.08945754], [0.2966075], [0.20007123], [0.19296946], [0.33498302], [0.15680481], [0.29289603], [0.20569666], [0.18785295], [0.14737491], [0.31505966], [0.2916627], [0.12136947], [0.06194188], [0.057012632], [0.0012837814], [0.13875125], [0.26922402], [0.3037339], [0.28226477], [0.24940273], [0.28175107], [6.506586e-06], [0.15449713], [0.32209548], [0.0891317], [0.21616434], [0.09543317], [0.29375654], [0.16459104]]
orig_inds:	[0, 1, 2, 3, 4, 5, 6, 7, 8, 9, 11, 13, 14, 15, 16, 17, 18, 19, 21, 22, 23, 24, 25, 27, 28, 29, 30, 31, 32, 34, 35, 36, 37, 38, 39, 40, 41, 42, 44, 45, 46, 47, 49, 51, 52, 53, 54, 55, 56, 57, 59, 61, 62, 63, 65, 66, 67, 68, 69, 71, 72, 73, 74, 76, 77, 79, 80, 81, 82, 83, 84, 85, 86, 88, 89, 90, 91, 93, 94, 95, 96, 98, 99]
