
FA:	[]
RA:	[]
PGU:	[[0.0], [0.0], [0.0], [0.0], [0.0], [0.0], [3.259629e-09], [0.0], [0.0], [0.0], [0.0], [0.0], [2.3874236e-12], [1.6298145e-09], [0.0], [0.0], [0.0], [0.0], [0.0], [0.0], [0.0], [9.313226e-10], [2.6077032e-08], [0.0], [0.0], [0.0], [0.0], [0.0], [0.0], [0.0], [0.0], [0.0], [0.0], [5.9604645e-08], [0.0], [0.0], [0.0], [4.0745363e-10], [0.0], [0.0], [0.0], [0.0], [0.0], [0.0], [5.820766e-10], [1.4901161e-08], [0.0], [0.0], [0.0], [0.0], [0.0], [0.0], [0.0], [4.656613e-10], [0.0], [0.0], [0.0], [0.0], [1.1175871e-08], [0.0], [1.6007107e-10], [0.0], [0.0], [5.820766e-10], [0.0], [0.0], [0.0], [1.4551915e-10], [0.0], [0.0], [0.0], [0.0], [0.0], [0.0], [0.0], [0.0], [0.0], [0.0], [0.0], [0.0], [2.3841858e-07], [2.7284841e-11], [0.0], [0.0], [0.0], [0.0], [3.7252903e-08], [0.0], [0.0], [0.0], [1.1175871e-08], [0.0], [1.1175871e-08], [0.0], [0.0], [5.9604645e-08], [0.0], [0.0], [0.0], [1.1175871e-08]]
PGI:	[[0.00010026588], [0.00014528916], [0.35378376], [0.06149712], [0.0163043], [0.35474893], [0.12047598], [0.1872904], [0.36419755], [0.00042088804], [6.8809226e-05], [0.07941751], [1.4244025e-05], [0.11913546], [0.044925936], [0.34553036], [0.005038897], [0.3561344], [6.899911e-07], [0.22555545], [0.0012510694], [0.08458276], [0.29053763], [0.19826779], [0.0011437754], [0.019121023], [0.11903215], [0.031544812], [0.1649489], [0.00010168183], [0.07815415], [0.06080291], [0.040501542], [0.3956635], [0.09737014], [0.00071453786], [0.2328499], [0.054224994], [0.21663052], [0.006005353], [0.05570505], [0.0065347017], [0.3551823], [0.17872854], [0.032388866], [0.30742943], [0.00043776707], [0.0004944693], [0.3542535], [0.0022325786], [0.12361875], [0.01464415], [0.0006356352], [0.097671404], [0.3572479], [0.00014055856], [0.000104163395], [0.36762425], [0.26387239], [0.36535132], [0.01615537], [0.05885622], [0.00025554124], [0.06062807], [0.05202873], [0.37091848], [0.0005339382], [0.026715362], [0.20618364], [0.13064024], [0.09239788], [0.006979445], [0.03816526], [0.35821208], [0.3678254], [0.086412914], [2.2541679e-05], [0.11312218], [0.04453483], [0.16954406], [0.32961354], [0.0032698791], [0.1900172], [0.00041581076], [0.0022651998], [0.10011562], [0.20017433], [0.36708376], [0.08564449], [0.23406345], [0.26591372], [0.018280454], [0.26467684], [0.115575686], [0.14002721], [0.28249392], [0.20694453], [0.00031224446], [0.3555622], [0.23172842]]
orig_inds:	[0, 1, 2, 3, 4, 5, 6, 7, 8, 9, 10, 11, 12, 13, 14, 15, 16, 17, 18, 19, 20, 21, 22, 23, 24, 25, 26, 27, 28, 29, 30, 31, 32, 33, 34, 35, 36, 37, 38, 39, 40, 41, 42, 43, 44, 45, 46, 47, 48, 49, 50, 51, 52, 53, 54, 55, 56, 57, 58, 59, 60, 61, 62, 63, 64, 65, 66, 67, 68, 69, 70, 71, 72, 73, 74, 75, 76, 77, 78, 79, 80, 81, 82, 83, 84, 85, 86, 87, 88, 89, 90, 91, 92, 93, 94, 95, 96, 97, 98, 99]
