
FA:	[]
RA:	[]
PGU:	[[0.031116743], [0.20455539], [0.001626145], [0.08857057], [0.026267437], [0.0010545283], [0.23405805], [0.0030642177], [0.03802335], [0.102652684], [0.04964772], [0.008762923], [0.016154679], [0.056247484], [0.1693152], [0.15581621], [0.048030674], [0.010064212], [0.010699999], [0.0068859598], [0.3228506], [0.061830007], [0.028271282], [0.17290194], [0.043242387], [0.025073472], [0.017852359], [0.0014095408], [0.0026140672], [0.31565103], [0.047252923], [0.0020220168], [0.010285287], [0.07190459], [0.15366593], [0.10453203], [0.034186874], [0.000629634], [0.17848447], [0.22178157], [0.22694182], [0.21618386], [0.24600945], [0.0068847258], [0.12255232], [0.11918627], [0.006283271], [0.0006744135], [0.11291128], [0.24780737], [0.18588772], [0.14618482], [0.09633348], [0.0017941602], [0.13680254], [0.041850194], [0.026473258], [0.2662307], [0.010189394], [0.26077846], [0.0755575], [0.0907264], [0.14606793], [0.28679365], [0.13945545], [0.081741534], [0.0005738091], [0.0029156893], [8.206367e-08], [0.0072289277], [0.3006852], [0.15499906], [0.20189042], [0.11094396], [0.32058972], [0.0], [0.0548266], [0.2308394], [0.0006194299], [0.059287615]]
PGI:	[[0.120535105], [0.3547107], [0.039328247], [0.16568424], [0.1320386], [0.028741602], [0.3034102], [0.04828366], [0.17751054], [0.24081336], [0.09735664], [0.13535498], [0.18908702], [0.1304289], [0.2427564], [0.23885173], [0.1569828], [0.08094853], [0.08573118], [0.047969606], [0.30092567], [0.17936061], [0.0913379], [0.2730928], [0.22681424], [0.18039607], [0.09741529], [0.03819203], [0.04100553], [0.28084967], [9.488076e-05], [0.09429825], [0.071985245], [0.00020753722], [0.23867182], [0.24847817], [0.15644968], [0.018817555], [0.34913406], [0.16089006], [0.34230345], [0.34556857], [0.32510236], [0.070394024], [0.31554306], [0.0018013889], [0.14203195], [0.011968294], [0.19787537], [0.0012385211], [0.36382604], [0.21153589], [0.17103228], [0.049739107], [0.19344494], [0.16924918], [0.09763944], [0.2850957], [0.09282098], [0.3565717], [0.085211605], [0.15264572], [0.0017700889], [0.08186727], [0.24173911], [0.14091812], [0.014505461], [0.027341107], [1.1121035e-07], [0.07341491], [0.009802177], [0.28182593], [0.30054888], [0.25503778], [0.33091486], [1.502037e-09], [0.046753798], [0.2483489], [0.031403795], [0.13493185]]
orig_inds:	[0, 2, 3, 4, 6, 7, 8, 11, 12, 14, 15, 16, 17, 18, 19, 20, 21, 22, 23, 24, 25, 26, 27, 28, 29, 30, 31, 32, 33, 34, 35, 36, 38, 39, 41, 42, 43, 45, 46, 47, 48, 49, 50, 51, 52, 53, 54, 55, 56, 57, 58, 59, 61, 63, 65, 66, 67, 69, 70, 71, 72, 73, 74, 76, 78, 80, 81, 83, 84, 85, 86, 88, 90, 92, 93, 94, 95, 96, 97, 99]
