
FA:	[]
RA:	[]
PGU:	[[0.016022364], [0.1601733], [0.00093827], [0.056952715], [0.013108717], [0.00028219953], [0.2358465], [0.0010556872], [0.023138192], [0.08366638], [0.034451704], [0.0017500285], [0.008845833], [0.030133469], [0.13395013], [0.117585376], [0.035764407], [0.004002747], [0.005327095], [0.0014760359], [0.3120852], [0.023183081], [0.014409531], [0.14203066], [0.03000604], [0.01182646], [0.010118313], [0.0009601373], [0.0012225339], [0.22650398], [0.0013352532], [0.00082185405], [0.005777476], [0.0013872021], [0.15272333], [0.08134961], [0.024219315], [0.00017903063], [0.16564356], [0.16884191], [0.18258066], [0.19056846], [0.17439121], [0.002622738], [0.09552535], [0.010755169], [0.0031200112], [0.00018866603], [0.07607507], [0.051261738], [0.11464877], [0.14057888], [0.045687012], [0.0012294425], [0.099205375], [0.021440892], [0.0139530245], [0.20364037], [0.004849252], [0.21769756], [0.044520415], [0.049371596], [0.013713327], [0.053854205], [0.10225421], [0.034600865], [0.0003456093], [0.00041406188], [2.8192996e-08], [0.0028353608], [0.12394608], [0.108256616], [0.1806236], [0.08963281], [0.29595643], [0.0], [0.0465426], [0.12613906], [0.00021938211], [0.03431731]]
PGI:	[[0.1375405], [0.35421365], [0.048840575], [0.17911859], [0.14217103], [0.037062272], [0.29750454], [0.05682223], [0.18453033], [0.23260735], [0.10833772], [0.15850595], [0.19384469], [0.14428817], [0.25859356], [0.25682995], [0.17120142], [0.093154885], [0.09379409], [0.06353944], [0.3236073], [0.19534603], [0.10122129], [0.28143653], [0.2214495], [0.18236107], [0.10575005], [0.044869408], [0.05197218], [0.34914482], [0.039965637], [0.09998702], [0.07743234], [0.06114362], [0.24155134], [0.24225761], [0.15469714], [0.024261583], [0.3521389], [0.19989622], [0.35048097], [0.34973747], [0.33675766], [0.07746623], [0.30875158], [0.10505668], [0.15471773], [0.017785618], [0.21653078], [0.19870676], [0.35792693], [0.2196023], [0.20321901], [0.05754102], [0.21975073], [0.17446204], [0.112231545], [0.31004867], [0.10684204], [0.36519337], [0.11093545], [0.16867676], [0.13148633], [0.28422472], [0.25273988], [0.17407142], [0.017393474], [0.03753221], [2.2123456e-07], [0.07952337], [0.29988298], [0.2910861], [0.30379972], [0.25063136], [0.34337902], [3.978014e-08], [0.054838415], [0.2879398], [0.038135614], [0.15103607]]
orig_inds:	[0, 2, 3, 4, 6, 7, 8, 11, 12, 14, 15, 16, 17, 18, 19, 20, 21, 22, 23, 24, 25, 26, 27, 28, 29, 30, 31, 32, 33, 34, 35, 36, 38, 39, 41, 42, 43, 45, 46, 47, 48, 49, 50, 51, 52, 53, 54, 55, 56, 57, 58, 59, 61, 63, 65, 66, 67, 69, 70, 71, 72, 73, 74, 76, 78, 80, 81, 83, 84, 85, 86, 88, 90, 92, 93, 94, 95, 96, 97, 99]
