
FA:	[]
RA:	[]
PGU:	[[0.027110374], [0.20869382], [0.0014777536], [0.0749736], [0.020711306], [0.0009082096], [0.23253419], [0.0025132562], [0.033259187], [0.09169576], [0.040152397], [0.0063298196], [0.014169179], [0.044596937], [0.16085634], [0.14502119], [0.047149196], [0.006528644], [0.008440544], [0.004501571], [0.3283984], [0.05366216], [0.025226545], [0.16025108], [0.04010274], [0.018319359], [0.01568656], [0.0012565416], [0.0016064661], [0.26791632], [0.0022281392], [0.0018236687], [0.008906253], [0.069246426], [0.15056224], [0.09464143], [0.02836901], [0.0003072918], [0.17066017], [0.20943955], [0.22921993], [0.20357727], [0.22970639], [0.006060537], [0.104742445], [0.11598624], [0.0051012253], [0.00047583054], [0.10571415], [0.083171934], [0.18266657], [0.14221662], [0.07049273], [0.0015783939], [0.122585244], [0.0330407], [0.021562906], [0.25828448], [0.008219343], [0.2395166], [0.069694735], [0.078547575], [0.016006893], [0.26684365], [0.12373539], [0.04960839], [0.0005044977], [0.002064524], [8.6289646e-08], [0.006166573], [0.1263967], [0.13869725], [0.19072334], [0.10345662], [0.3141416], [1.1920929e-11], [0.050704125], [0.19097188], [0.00034177612], [0.05212436]]
PGI:	[[0.12606752], [0.3538421], [0.042538587], [0.16926505], [0.13882679], [0.032265864], [0.30104256], [0.049000148], [0.17445476], [0.24346213], [0.105821304], [0.13749908], [0.18891133], [0.13465746], [0.24833018], [0.24246429], [0.15470599], [0.0847913], [0.08325664], [0.05175678], [0.3040203], [0.18945187], [0.089119144], [0.27580005], [0.22264206], [0.18892291], [0.10346007], [0.0439861], [0.048432067], [0.33318746], [0.03402662], [0.096374825], [0.07686903], [0.00053831923], [0.23940726], [0.24706629], [0.15363666], [0.02140063], [0.3473479], [0.16770278], [0.34227696], [0.349685], [0.33051923], [0.07243582], [0.31203902], [0.004323777], [0.14687745], [0.01528798], [0.21025732], [0.19608761], [0.35994136], [0.21635346], [0.17348787], [0.052529436], [0.20900606], [0.16559152], [0.10402597], [0.29288122], [0.09710177], [0.36251575], [0.09015598], [0.15249215], [0.13265514], [0.1182306], [0.24450283], [0.16449393], [0.015942834], [0.029545728], [1.4215947e-06], [0.07653607], [0.2952449], [0.28968218], [0.30390492], [0.25737453], [0.33782938], [7.325411e-08], [0.051192325], [0.2805674], [0.034746163], [0.13970262]]
orig_inds:	[0, 2, 3, 4, 6, 7, 8, 11, 12, 14, 15, 16, 17, 18, 19, 20, 21, 22, 23, 24, 25, 26, 27, 28, 29, 30, 31, 32, 33, 34, 35, 36, 38, 39, 41, 42, 43, 45, 46, 47, 48, 49, 50, 51, 52, 53, 54, 55, 56, 57, 58, 59, 61, 63, 65, 66, 67, 69, 70, 71, 72, 73, 74, 76, 78, 80, 81, 83, 84, 85, 86, 88, 90, 92, 93, 94, 95, 96, 97, 99]
