
FA:	[]
RA:	[]
PGU:	[[0.016223684], [0.13998951], [0.00040307886], [0.05160418], [0.012442512], [0.00020877748], [0.23501472], [0.0009005322], [0.023581754], [0.077558175], [0.025487147], [0.0010907904], [0.004773794], [0.022277227], [0.112799816], [0.10316852], [0.027329428], [0.0033743107], [0.002275073], [0.0006052001], [0.298049], [0.025793243], [0.014338501], [0.1325127], [0.0229665], [0.0060278056], [0.007996182], [0.0008840167], [0.0008206632], [0.19993314], [0.0012641334], [0.0007871103], [0.0043047243], [0.0005595966], [0.13809289], [0.0641778], [0.022499498], [0.000164284], [0.14499989], [0.15924713], [0.16625874], [0.16569285], [0.17342602], [0.0021370836], [0.08188825], [0.0055931904], [0.0023705598], [9.468265e-05], [0.07157272], [0.044025782], [0.10833541], [0.12515485], [0.045157026], [0.00066121906], [0.08764999], [0.019295601], [0.010468266], [0.19986472], [0.005021334], [0.19023389], [0.009295225], [0.033030055], [0.012768577], [0.040849645], [0.058930848], [0.024911959], [0.0003717818], [0.00032853914], [3.5643577e-08], [0.0025465398], [0.11172686], [0.09034703], [0.17663646], [0.07357701], [0.26753706], [0.0], [0.01307565], [0.12322673], [0.00016769128], [0.02994383]]
PGI:	[[0.14016162], [0.35966837], [0.0542037], [0.17880318], [0.14888017], [0.03809712], [0.3015133], [0.05996546], [0.18079326], [0.2365079], [0.11625262], [0.16147536], [0.19678569], [0.14596114], [0.26135135], [0.26447386], [0.17474853], [0.09183347], [0.10152378], [0.066366754], [0.3393292], [0.19438569], [0.09680882], [0.2837602], [0.22527951], [0.18232863], [0.113460705], [0.04757699], [0.053707525], [0.36607432], [0.03889954], [0.099300854], [0.08197316], [0.066575125], [0.24576195], [0.24122868], [0.15777625], [0.027279697], [0.34679812], [0.2090747], [0.3545777], [0.35803047], [0.33501673], [0.08106806], [0.3185045], [0.106916666], [0.16032864], [0.018764433], [0.22501566], [0.20703496], [0.35651574], [0.22930615], [0.19739906], [0.059945807], [0.22686143], [0.17040507], [0.11655587], [0.30880833], [0.10908342], [0.3658479], [0.15333976], [0.18150374], [0.13536556], [0.28669286], [0.2579007], [0.18347985], [0.01735504], [0.042276938], [7.355094e-07], [0.0806256], [0.29793373], [0.30051348], [0.30727562], [0.25982794], [0.34801868], [4.044175e-08], [0.09540961], [0.28713465], [0.041624628], [0.14986503]]
orig_inds:	[0, 2, 3, 4, 6, 7, 8, 11, 12, 14, 15, 16, 17, 18, 19, 20, 21, 22, 23, 24, 25, 26, 27, 28, 29, 30, 31, 32, 33, 34, 35, 36, 38, 39, 41, 42, 43, 45, 46, 47, 48, 49, 50, 51, 52, 53, 54, 55, 56, 57, 58, 59, 61, 63, 65, 66, 67, 69, 70, 71, 72, 73, 74, 76, 78, 80, 81, 83, 84, 85, 86, 88, 90, 92, 93, 94, 95, 96, 97, 99]
