
FA:	[]
RA:	[]
PGU:	[[0.03230468], [0.21013665], [0.0016980387], [0.08656443], [0.025470296], [0.0011913541], [0.23519334], [0.0029219564], [0.037297286], [0.10201836], [0.048397575], [0.008821294], [0.016820183], [0.053145155], [0.16924141], [0.16045035], [0.04897812], [0.010238384], [0.010250051], [0.005686863], [0.3259754], [0.059574034], [0.027807044], [0.1711555], [0.04141276], [0.02353545], [0.018950494], [0.0014239481], [0.0026205382], [0.3118431], [0.048024144], [0.0022891161], [0.010961707], [0.06920755], [0.15308093], [0.10468262], [0.034062427], [0.0005821978], [0.17695917], [0.22102422], [0.22805327], [0.21452583], [0.24680467], [0.0075007956], [0.12066939], [0.12209186], [0.006393916], [0.00066398823], [0.112075284], [0.23982354], [0.18640964], [0.14937495], [0.09660007], [0.0020081846], [0.13490471], [0.04154527], [0.027744953], [0.2670093], [0.010066031], [0.25922054], [0.074894264], [0.091188274], [0.14621603], [0.2842443], [0.13940285], [0.082582355], [0.0005949054], [0.0031180324], [9.775758e-08], [0.007040669], [0.2983688], [0.15219069], [0.20496325], [0.114228055], [0.31914037], [1.1920929e-11], [0.05201557], [0.22960956], [0.00065705174], [0.058839582]]
PGI:	[[0.11774773], [0.35744274], [0.040081672], [0.16420078], [0.12992942], [0.02893608], [0.30384502], [0.04891836], [0.17413728], [0.2407898], [0.09844399], [0.13433032], [0.194873], [0.1308806], [0.24362749], [0.23760225], [0.15495715], [0.08080881], [0.08173628], [0.04546038], [0.29754493], [0.18218003], [0.0894163], [0.27222875], [0.22041485], [0.18532254], [0.10034967], [0.036407884], [0.040978488], [0.28153834], [9.805984e-05], [0.0930134], [0.07133414], [0.00019964665], [0.24034697], [0.24643596], [0.15206483], [0.020594465], [0.34963742], [0.16172065], [0.34188902], [0.34979033], [0.32507452], [0.07336416], [0.31378815], [0.0017873705], [0.14656745], [0.013097094], [0.1988435], [0.0012294814], [0.36124325], [0.21159197], [0.16828616], [0.04835469], [0.19515796], [0.1659779], [0.09779981], [0.28696078], [0.09269436], [0.35417396], [0.08556172], [0.14874142], [0.0018152796], [0.080833755], [0.243351], [0.13881889], [0.014120503], [0.0259072], [0.00011031474], [0.069211684], [0.009703791], [0.2811719], [0.30067438], [0.2553968], [0.33210203], [6.377697e-09], [0.044498973], [0.2427466], [0.03183966], [0.13208424]]
orig_inds:	[0, 2, 3, 4, 6, 7, 8, 11, 12, 14, 15, 16, 17, 18, 19, 20, 21, 22, 23, 24, 25, 26, 27, 28, 29, 30, 31, 32, 33, 34, 35, 36, 38, 39, 41, 42, 43, 45, 46, 47, 48, 49, 50, 51, 52, 53, 54, 55, 56, 57, 58, 59, 61, 63, 65, 66, 67, 69, 70, 71, 72, 73, 74, 76, 78, 80, 81, 83, 84, 85, 86, 88, 90, 92, 93, 94, 95, 96, 97, 99]
