
FA:	[]
RA:	[]
PGU:	[[0.0195928], [0.1821543], [0.0012670632], [0.07210146], [0.016247815], [0.00069888646], [0.23714668], [0.0014667745], [0.027222646], [0.088371746], [0.036696058], [0.004007026], [0.010705287], [0.03343388], [0.15027866], [0.13274455], [0.036443383], [0.0051321327], [0.0066275527], [0.0013995933], [0.31514236], [0.04609998], [0.018938031], [0.14385365], [0.036291942], [0.016429288], [0.016658897], [0.0011418859], [0.0014351287], [0.24810691], [0.0014999401], [0.0012526852], [0.006748182], [0.062805966], [0.15154515], [0.08122526], [0.026782682], [0.00024654565], [0.16781238], [0.19562805], [0.21933894], [0.19130579], [0.20874146], [0.0051360447], [0.10509739], [0.11239924], [0.0043048714], [0.0002415734], [0.09722306], [0.07348713], [0.15605867], [0.13973798], [0.05722613], [0.0012642276], [0.109795876], [0.029742572], [0.018984217], [0.25265107], [0.0056624576], [0.24251325], [0.062520675], [0.06446962], [0.01621295], [0.081287056], [0.10629588], [0.0464444], [0.00042217542], [0.00052108266], [6.6435334e-08], [0.0033445281], [0.12439729], [0.1250577], [0.18249802], [0.08908981], [0.31209838], [0.0], [0.048547655], [0.14535944], [0.00025807496], [0.04168133]]
PGI:	[[0.12840956], [0.35632932], [0.04613305], [0.17750323], [0.1380291], [0.032930806], [0.2988773], [0.05583396], [0.17756575], [0.24448481], [0.10939773], [0.15532951], [0.18770836], [0.13663776], [0.25325647], [0.24672763], [0.1690239], [0.08504739], [0.09419269], [0.0631089], [0.31147397], [0.18554632], [0.09959052], [0.28149056], [0.22639476], [0.18182822], [0.097754054], [0.042309564], [0.04765615], [0.332293], [0.036889743], [0.098763764], [0.078748904], [0.0009624344], [0.23663625], [0.24719949], [0.159298], [0.024007397], [0.34706056], [0.17510949], [0.34568146], [0.3469914], [0.3274209], [0.07600084], [0.31441256], [0.0044522276], [0.15391445], [0.0167954], [0.216025], [0.19337016], [0.35892487], [0.21845634], [0.19003451], [0.055409405], [0.21488938], [0.16867127], [0.10520729], [0.30193916], [0.10479402], [0.36259973], [0.091357864], [0.15581827], [0.13129827], [0.2788231], [0.24940977], [0.16920066], [0.01665444], [0.04038279], [5.56928e-05], [0.07561614], [0.3036952], [0.29089758], [0.30617988], [0.26216647], [0.3366734], [3.8145185e-07], [0.054136645], [0.28456178], [0.03581257], [0.14279409]]
orig_inds:	[0, 2, 3, 4, 6, 7, 8, 11, 12, 14, 15, 16, 17, 18, 19, 20, 21, 22, 23, 24, 25, 26, 27, 28, 29, 30, 31, 32, 33, 34, 35, 36, 38, 39, 41, 42, 43, 45, 46, 47, 48, 49, 50, 51, 52, 53, 54, 55, 56, 57, 58, 59, 61, 63, 65, 66, 67, 69, 70, 71, 72, 73, 74, 76, 78, 80, 81, 83, 84, 85, 86, 88, 90, 92, 93, 94, 95, 96, 97, 99]
