
FA:	[]
RA:	[]
PGU:	[[0.01005335], [0.16039623], [0.000591565], [0.066084765], [0.017429074], [0.00016552814], [0.16667163], [0.001701516], [0.021984017], [0.064647965], [0.019147925], [0.13991255], [0.0074179335], [0.019472959], [0.102999374], [0.25610897], [0.020736018], [0.0038676849], [0.0020611798], [0.0010560838], [0.27361256], [0.018882088], [0.010136699], [0.14220054], [0.0269885], [0.016022135], [0.0107927555], [0.0008237836], [0.00061705895], [0.224453], [0.04024083], [0.0012609669], [0.004137745], [0.0024737124], [0.09906515], [0.07783211], [0.012092574], [0.00036303117], [0.35027125], [0.15764911], [0.158625], [0.35168874], [0.17455786], [0.0024940441], [0.08485901], [0.012662367], [0.0009603506], [0.0004152481], [0.22047785], [0.050210327], [0.13825065], [0.11388149], [0.17828391], [0.057859126], [0.11991989], [0.026104834], [0.010455981], [0.14762516], [0.0021748946], [0.3657796], [0.028990319], [0.069365434], [0.14586098], [0.09227518], [0.11855775], [0.040991932], [0.01783304], [0.00038541848], [1.1920929e-11], [0.07966894], [0.101227224], [0.10735657], [0.16476773], [0.05247221], [0.2800035], [0.0], [0.11187145]]
PGI:	[[0.14018047], [0.35562167], [0.052467555], [0.17747946], [0.13813362], [0.039752375], [0.3236662], [0.054781042], [0.18520999], [0.25500506], [0.120209366], [0.005562779], [0.19392069], [0.14293304], [0.25692552], [0.097805515], [0.18448754], [0.09094167], [0.10140362], [0.06374459], [0.3437105], [0.19567621], [0.101116166], [0.27407423], [0.22116272], [0.17379458], [0.11461853], [0.046623975], [0.055118233], [0.3382993], [0.0009247962], [0.096360184], [0.08379511], [0.056534447], [0.2546495], [0.2478643], [0.1577381], [0.025173366], [0.1253265], [0.20489715], [0.35947776], [0.18902464], [0.34361732], [0.08063489], [0.3106454], [0.10386803], [0.15467942], [0.016290592], [0.07602224], [0.21856673], [0.35710773], [0.23375791], [0.08327115], [0.0007831815], [0.20215712], [0.16602476], [0.115507945], [0.32451513], [0.11600625], [0.21142556], [0.13555595], [0.15802343], [0.006169638], [0.2725905], [0.24713701], [0.1693197], [0.0003636911], [0.041483417], [8.0328384e-05], [0.0022775694], [0.3036955], [0.29720086], [0.3073215], [0.2764988], [0.3574275], [9.670035e-05], [0.0040506166]]
orig_inds:	[1, 3, 4, 5, 6, 7, 8, 10, 12, 13, 16, 18, 22, 23, 24, 25, 27, 28, 29, 30, 31, 32, 33, 34, 37, 38, 39, 40, 41, 44, 45, 46, 47, 48, 49, 50, 52, 54, 55, 56, 57, 58, 60, 61, 62, 64, 65, 66, 67, 68, 69, 70, 71, 73, 74, 75, 76, 77, 79, 81, 82, 83, 85, 86, 87, 88, 89, 90, 91, 92, 93, 94, 95, 96, 97, 98, 99]
