
FA:	[]
RA:	[]
PGU:	[[0.027803931], [0.19585587], [0.056152724], [0.08222754], [0.024401775], [0.00085430825], [0.31499293], [0.002535399], [0.029886765], [0.23906909], [0.038924936], [0.15255025], [0.012316966], [0.040838297], [0.15987085], [0.2710553], [0.040071487], [0.008805185], [0.007918059], [0.0051560365], [0.3713476], [0.2219257], [0.14314139], [0.1607729], [0.22781526], [0.019187676], [0.019644642], [0.05731187], [0.056971606], [0.36189333], [0.04882941], [0.0016742538], [0.008208101], [0.066893324], [0.1386366], [0.09390532], [0.1666564], [0.030809617], [0.35138515], [0.18987769], [0.22195093], [0.36445907], [0.34886009], [0.0074500795], [0.3159721], [0.114463866], [0.16555479], [0.000576633], [0.23868728], [0.08344921], [0.18380044], [0.24034053], [0.19685873], [0.06181952], [0.1302483], [0.1764782], [0.022486547], [0.35089666], [0.007080856], [0.3807299], [0.16540785], [0.08960596], [0.14278106], [0.14235461], [0.1263348], [0.19095834], [0.019595006], [0.0025859508], [6.411463e-06], [0.08880314], [0.30272827], [0.30989316], [0.3126045], [0.08418949], [0.3726025], [0.0], [0.13126113]]
PGI:	[[0.12400279], [0.35332552], [0.00016377548], [0.167116], [0.13572419], [0.03145218], [0.21084787], [0.048183125], [0.1751234], [0.058885608], [0.10948734], [0.0006519561], [0.19200839], [0.13555714], [0.24931228], [0.0733477], [0.15804355], [0.08321342], [0.08679992], [0.05004529], [0.20957783], [0.0087908935], [0.00104024], [0.27349484], [0.013056879], [0.18367085], [0.10100241], [0.00021626816], [0.0012157108], [0.18188487], [0.00029430434], [0.101053566], [0.081175804], [0.00030214855], [0.24618535], [0.2473478], [0.0054149427], [5.318079e-05], [0.09253417], [0.19160424], [0.34471327], [0.07607594], [0.12281386], [0.07191195], [0.07042203], [0.0018190686], [0.00071817427], [0.0139230145], [0.044000737], [0.19840683], [0.36006767], [0.072737314], [0.027484383], [0.00046990605], [0.19461337], [0.010936686], [0.10539678], [0.14623354], [0.101787485], [0.13202582], [0.008443012], [0.1507642], [0.0051613753], [0.24859056], [0.2510828], [0.013045342], [0.00024185426], [0.029278262], [1.8036365e-08], [0.0014240595], [0.047716796], [0.09238642], [0.114207216], [0.25840107], [0.22544153], [5.8430434e-08], [0.0005251646]]
orig_inds:	[1, 3, 4, 5, 6, 7, 8, 10, 12, 13, 16, 18, 22, 23, 24, 25, 27, 28, 29, 30, 31, 32, 33, 34, 37, 38, 39, 40, 41, 44, 45, 46, 47, 48, 49, 50, 52, 54, 55, 56, 57, 58, 60, 61, 62, 64, 65, 66, 67, 68, 69, 70, 71, 73, 74, 75, 76, 77, 79, 81, 82, 83, 85, 86, 87, 88, 89, 90, 91, 92, 93, 94, 95, 96, 97, 98, 99]
