
FA:	[]
RA:	[]
PGU:	[[0.012096902], [0.16034992], [0.0012344552], [0.070327066], [0.019528328], [0.00035596246], [0.1770574], [0.0018901373], [0.021388762], [0.24036387], [0.022192195], [0.13836366], [0.012129637], [0.021531163], [0.1406784], [0.26859388], [0.03227196], [0.004192137], [0.005069354], [0.0015839237], [0.28166705], [0.21615022], [0.13401435], [0.1550143], [0.031665552], [0.016349861], [0.012660775], [0.050542366], [0.00063800433], [0.23629974], [0.044210814], [0.0016080664], [0.0039753877], [0.068132535], [0.12703061], [0.08023985], [0.018277409], [0.00038376803], [0.35154226], [0.16796133], [0.16545658], [0.36396423], [0.3389733], [0.0027484782], [0.31506512], [0.11427189], [0.0015476479], [0.00042477826], [0.21801575], [0.057384327], [0.1758416], [0.11217568], [0.1800788], [0.05827454], [0.121366665], [0.02753863], [0.014530568], [0.19139451], [0.003225908], [0.3686846], [0.042609632], [0.07289206], [0.14512675], [0.093934335], [0.123843126], [0.042616695], [0.020059956], [0.0007069858], [3.576279e-11], [0.09098983], [0.104186155], [0.11878291], [0.183299], [0.059190974], [0.2807749], [0.0], [0.120423935]]
PGI:	[[0.1327727], [0.35379484], [0.048198823], [0.17477998], [0.13810965], [0.035903074], [0.32358217], [0.055967946], [0.18059534], [0.07524623], [0.12214244], [0.0036287846], [0.1933878], [0.14306767], [0.25423688], [0.07743341], [0.17430179], [0.09339661], [0.095282376], [0.056604266], [0.34112], [0.027303992], [0.003653022], [0.27503115], [0.22076863], [0.17498778], [0.10481051], [0.00028797382], [0.0534916], [0.33091015], [0.0003345243], [0.095653854], [0.080138475], [0.00031327174], [0.24659832], [0.24211198], [0.16133918], [0.022334458], [0.12217533], [0.20202178], [0.35784534], [0.16600291], [0.18655571], [0.08162782], [0.08892879], [0.0032941017], [0.15281452], [0.015746683], [0.07566416], [0.21546428], [0.35624978], [0.23303206], [0.04767751], [0.000637637], [0.20232509], [0.17287342], [0.110485755], [0.31492463], [0.108738124], [0.20589559], [0.124206185], [0.15727007], [0.005377426], [0.2718306], [0.24797139], [0.16072318], [0.00029866816], [0.038584746], [3.4714853e-05], [0.0018500969], [0.29854918], [0.29349178], [0.30334473], [0.2745873], [0.35253778], [1.7432511e-06], [0.000928226]]
orig_inds:	[1, 3, 4, 5, 6, 7, 8, 10, 12, 13, 16, 18, 22, 23, 24, 25, 27, 28, 29, 30, 31, 32, 33, 34, 37, 38, 39, 40, 41, 44, 45, 46, 47, 48, 49, 50, 52, 54, 55, 56, 57, 58, 60, 61, 62, 64, 65, 66, 67, 68, 69, 70, 71, 73, 74, 75, 76, 77, 79, 81, 82, 83, 85, 86, 87, 88, 89, 90, 91, 92, 93, 94, 95, 96, 97, 98, 99]
