
FA:	[]
RA:	[]
PGU:	[[0.01546941], [0.1708259], [0.0013124787], [0.08102932], [0.024630163], [0.00041028266], [0.17942756], [0.0022204176], [0.026104843], [0.24257226], [0.030278591], [0.14638296], [0.01224081], [0.031235302], [0.14175774], [0.27629033], [0.03279168], [0.007424957], [0.00590144], [0.0030453834], [0.29303744], [0.21626657], [0.13160053], [0.154452], [0.031844307], [0.018148761], [0.015323936], [0.05236972], [0.0010525578], [0.25212827], [0.042471666], [0.0016773747], [0.004668026], [0.06994634], [0.13740781], [0.07973679], [0.027622031], [0.00043093672], [0.35284418], [0.18114583], [0.20397598], [0.36014056], [0.34455338], [0.004171765], [0.30835456], [0.115072265], [0.16333702], [0.0005441822], [0.22004785], [0.06434957], [0.17852706], [0.12368832], [0.19128306], [0.058550514], [0.12028899], [0.18036695], [0.017378489], [0.21109541], [0.0049188803], [0.36825866], [0.046290345], [0.08513868], [0.1443727], [0.102274865], [0.12809704], [0.054730993], [0.018799813], [0.0014394337], [2.3841857e-11], [0.09097614], [0.114702895], [0.12180238], [0.18316722], [0.077496395], [0.29125082], [0.0], [0.12546058]]
PGI:	[[0.12960681], [0.35528815], [0.048011243], [0.16953076], [0.13765179], [0.03430922], [0.3203254], [0.053109307], [0.18298206], [0.065618716], [0.117283106], [0.0024388], [0.19333877], [0.14230575], [0.25156093], [0.0740773], [0.16605374], [0.08879016], [0.09615518], [0.05257933], [0.33844042], [0.022481376], [0.0024192303], [0.27344808], [0.22286208], [0.18761404], [0.10097944], [0.00032138865], [0.048415124], [0.32013664], [0.00033416488], [0.100782156], [0.07926757], [0.00032692353], [0.24731082], [0.25044036], [0.15750709], [0.021604775], [0.121358424], [0.19541329], [0.35083792], [0.15510786], [0.16401029], [0.07285119], [0.07179463], [0.0028177425], [0.0015518797], [0.01314744], [0.04682623], [0.21547446], [0.36177507], [0.22404346], [0.041499086], [0.0005102197], [0.20218186], [0.014953769], [0.10632204], [0.30766156], [0.104181826], [0.17332782], [0.11628262], [0.14801602], [0.0053943717], [0.26147264], [0.24344747], [0.15428257], [0.0002688402], [0.033552095], [7.467666e-05], [0.0016006727], [0.3010487], [0.28618285], [0.30644977], [0.26382157], [0.3486527], [1.6999245e-08], [0.0005848188]]
orig_inds:	[1, 3, 4, 5, 6, 7, 8, 10, 12, 13, 16, 18, 22, 23, 24, 25, 27, 28, 29, 30, 31, 32, 33, 34, 37, 38, 39, 40, 41, 44, 45, 46, 47, 48, 49, 50, 52, 54, 55, 56, 57, 58, 60, 61, 62, 64, 65, 66, 67, 68, 69, 70, 71, 73, 74, 75, 76, 77, 79, 81, 82, 83, 85, 86, 87, 88, 89, 90, 91, 92, 93, 94, 95, 96, 97, 98, 99]
