
FA:	[]
RA:	[]
PGU:	[[0.17285979], [0.3607055], [0.06249602], [0.20229964], [0.024858361], [0.047228195], [0.3184845], [0.06732689], [0.20033164], [0.24770075], [0.048830397], [0.15843879], [0.18690921], [0.055078533], [0.27710748], [0.26958275], [0.19188529], [0.009916627], [0.107424095], [0.006542517], [0.38183308], [0.2220273], [0.15059166], [0.28650808], [0.2294616], [0.18340221], [0.01839206], [0.05860155], [0.06239254], [0.37102613], [0.046540532], [0.09852048], [0.0108221425], [0.07261159], [0.25706828], [0.24421081], [0.16772749], [0.03260391], [0.35280862], [0.2822621], [0.22832857], [0.3624919], [0.35190445], [0.007363836], [0.31746632], [0.11700374], [0.16823879], [0.00069307274], [0.2339629], [0.23931931], [0.35990503], [0.25594196], [0.197097], [0.0678381], [0.24200442], [0.18270637], [0.027692676], [0.3605787], [0.112932496], [0.37884858], [0.17494097], [0.09206146], [0.1406119], [0.29050094], [0.1403015], [0.19263898], [0.027010694], [0.05939035], [3.665411e-05], [0.09515706], [0.30650458], [0.30336702], [0.3166417], [0.112681545], [0.3763494], [8.936398e-05], [0.13888465]]
PGI:	[[0.0014314029], [0.0791984], [6.87421e-05], [0.012650457], [0.12869237], [2.415348e-05], [0.16993903], [0.00020269392], [0.007636506], [0.03957735], [0.09833154], [0.00016924921], [0.002458412], [0.13028602], [0.047409896], [0.040603735], [0.008251674], [0.08057088], [0.0009480709], [0.04526869], [0.07074624], [0.0053669247], [0.00046952433], [0.07199992], [0.003529348], [0.005194229], [0.10151752], [1.4745311e-05], [0.00096068927], [0.062129933], [0.00016253263], [0.000287464], [0.07127686], [0.00013839836], [0.07220286], [0.04257412], [0.00209872], [3.1263913e-05], [0.07225183], [0.06850232], [0.34076735], [0.027978659], [0.1171755], [0.06949101], [0.058782365], [0.00018210716], [0.00011640412], [0.013714525], [0.022073412], [0.0012542035], [0.022089768], [0.04590539], [0.02577372], [0.00028371386], [0.020823121], [0.005468149], [0.098144084], [0.0679892], [0.00082143996], [0.058764763], [0.0013810943], [0.1488173], [0.004540023], [0.036602605], [0.23729588], [0.0053410265], [0.00020971303], [7.74216e-06], [1.6093255e-09], [0.0011626126], [0.01488246], [0.063720256], [0.08953545], [0.25411868], [0.1829762], [0.0], [0.00031777035]]
orig_inds:	[1, 3, 4, 5, 6, 7, 8, 10, 12, 13, 16, 18, 22, 23, 24, 25, 27, 28, 29, 30, 31, 32, 33, 34, 37, 38, 39, 40, 41, 44, 45, 46, 47, 48, 49, 50, 52, 54, 55, 56, 57, 58, 60, 61, 62, 64, 65, 66, 67, 68, 69, 70, 71, 73, 74, 75, 76, 77, 79, 81, 82, 83, 85, 86, 87, 88, 89, 90, 91, 92, 93, 94, 95, 96, 97, 98, 99]
