
FA:	[]
RA:	[]
PGU:	[[0.0], [0.0], [0.0], [0.0], [0.0], [0.0], [3.259629e-09], [0.0], [0.0], [0.0], [0.0], [0.0], [2.3874236e-12], [1.6298145e-09], [0.0], [0.0], [0.0], [0.0], [0.0], [0.0], [0.0], [9.313226e-10], [2.6077032e-08], [0.0], [0.0], [0.0], [0.0], [0.0], [0.0], [0.0], [0.0], [0.0], [0.0], [5.9604645e-08], [0.0], [0.0], [0.0], [4.0745363e-10], [0.0], [0.0], [0.0], [0.0], [0.0], [0.0], [5.820766e-10], [1.4901161e-08], [0.0], [0.0], [0.0], [0.0], [0.0], [0.0], [0.0], [4.656613e-10], [0.0], [0.0], [0.0], [0.0], [1.1175871e-08], [0.0], [1.6007107e-10], [0.0], [0.0], [5.820766e-10], [0.0], [0.0], [0.0], [1.4551915e-10], [0.0], [0.0], [0.0], [0.0], [0.0], [0.0], [0.0], [0.0], [0.0], [0.0], [0.0], [0.0], [2.3841858e-07], [2.7284841e-11], [0.0], [0.0], [0.0], [0.0], [3.7252903e-08]]
PGI:	[[7.835189e-05], [0.00016800787], [0.35822916], [0.06411519], [0.016074376], [0.3554751], [0.12320319], [0.18761486], [0.36600474], [0.00038241985], [6.7138855e-05], [0.0780933], [2.3377355e-05], [0.11968981], [0.04302454], [0.35003558], [0.0043008938], [0.35797295], [5.2915095e-07], [0.22859184], [0.0012395971], [0.08624938], [0.29034173], [0.2037194], [0.0011139193], [0.019009206], [0.12090824], [0.030807339], [0.1629456], [0.00014417157], [0.081218705], [0.0628927], [0.03981593], [0.3954944], [0.10123013], [0.0004773223], [0.23304412], [0.054816682], [0.21606301], [0.0062942705], [0.057767328], [0.007545349], [0.3535095], [0.16904587], [0.03375489], [0.30245644], [0.00038452717], [0.00049821916], [0.35616276], [0.0017516816], [0.12605903], [0.014482993], [0.0004934231], [0.09587441], [0.35985476], [0.00032042485], [0.0001344776], [0.36660385], [0.2672104], [0.3655237], [0.015932867], [0.057724915], [0.00025287957], [0.0599262], [0.047419816], [0.37303385], [0.0004553662], [0.026828699], [0.20823964], [0.1253541], [0.09079724], [0.006967853], [0.041266195], [0.35611007], [0.3638067], [0.089595914], [2.077207e-05], [0.11133648], [0.04132683], [0.17251816], [0.33360037], [0.003023521], [0.18297161], [0.0003659101], [0.0025464993], [0.10086962], [0.19409193]]
orig_inds:	[1, 2, 3, 4, 5, 6, 7, 8, 11, 13, 14, 15, 16, 17, 19, 20, 21, 22, 23, 24, 25, 26, 27, 28, 30, 31, 32, 33, 34, 35, 36, 37, 38, 39, 40, 41, 42, 43, 44, 45, 48, 49, 50, 51, 53, 54, 55, 56, 57, 58, 59, 60, 61, 63, 64, 65, 67, 68, 69, 70, 71, 72, 73, 74, 75, 77, 78, 79, 80, 81, 82, 84, 85, 86, 87, 88, 89, 90, 91, 92, 93, 94, 95, 96, 97, 98, 99]
