
FA:	[[0.6], [0.4], [0.8], [0.6], [0.4], [0.6], [0.6], [0.6], [0.8], [0.6], [0.8], [0.6], [1.0], [0.6], [0.8], [0.6], [0.6], [0.8], [0.6], [0.6], [0.8], [0.8], [0.8], [0.6], [0.4], [0.8], [0.6], [0.8], [0.8], [0.6], [0.6], [1.0], [0.6], [0.8], [0.8], [0.8], [0.6], [0.4], [0.8], [0.8], [0.6], [0.8], [0.6], [0.8], [0.8], [0.6], [0.6], [0.8], [0.6], [0.6], [0.8], [0.8], [0.6], [0.6], [0.6], [0.4], [0.6], [0.8], [0.6], [0.8], [0.8], [0.8], [0.8], [0.8], [0.4], [0.8], [0.6], [0.6], [0.8], [0.6], [0.8], [0.8], [0.8], [0.6], [0.4], [0.6], [0.6], [0.8], [1.0], [0.8], [0.6], [0.6], [0.6], [0.8]]
RA:	[[0.2], [0.2], [0.2], [0.2], [0.2], [0.4], [0.6], [0.6], [0.6], [0.2], [0.2], [0.2], [0.2], [0.2], [0.8], [0.2], [0.4], [0.2], [0.4], [0.2], [0.4], [0.4], [0.4], [0.2], [0.2], [0.2], [0.2], [0.2], [0.2], [0.2], [0.2], [0.6], [0.2], [0.2], [0.2], [0.4], [0.6], [0.2], [0.6], [0.6], [0.4], [0.2], [0.2], [0.4], [0.6], [0.2], [0.2], [0.6], [0.6], [0.2], [0.2], [0.4], [0.2], [0.2], [0.4], [0.2], [0.2], [0.8], [0.4], [0.4], [0.2], [0.2], [0.6], [0.8], [0.2], [0.2], [0.4], [0.4], [0.4], [0.4], [0.4], [0.2], [0.6], [0.0], [0.4], [0.6], [0.4], [0.6], [0.6], [0.8], [0.6], [0.2], [0.4], [0.4]]
PGU:	[[0.038975455], [0.17738454], [0.0047328235], [0.06229137], [0.04448112], [0.011273669], [0.14279902], [0.0081104785], [0.027392413], [0.052555542], [0.003668901], [0.0081431195], [0.022804169], [0.026820095], [0.07830489], [0.08694323], [0.024076927], [0.0098974155], [0.019521505], [0.0034888554], [0.093768574], [0.031255208], [0.012409381], [0.07726856], [0.06888456], [0.03285986], [0.015356551], [0.004372065], [0.004071149], [0.13667214], [0.005169295], [0.009878752], [0.016117431], [0.0062663443], [0.059570435], [0.060831446], [0.022409476], [0.0034007446], [0.13386583], [0.104667835], [0.12468498], [0.07863839], [0.10269433], [0.014377953], [0.12749904], [0.009372308], [0.018594075], [0.0013933126], [0.06952746], [0.056083295], [0.06865383], [0.08055128], [0.05534995], [0.005227577], [0.09383192], [0.046596747], [0.035782672], [0.09547], [0.018204393], [0.0686908], [0.025632806], [0.02167304], [0.011264851], [0.08435833], [0.1281412], [0.0071934867], [0.0030868405], [0.0033876435], [9.8798455e-06], [0.015298816], [0.0520844], [0.07505113], [0.0745369], [0.08867886], [0.123091295], [9.499788e-08], [0.016951256], [0.13434176], [0.0034680779], [0.044025738], [0.007757182], [0.09923864], [0.03372364], [0.019551737]]
PGI:	[[0.18431355], [0.33567452], [0.10668146], [0.24881497], [0.17424156], [0.09919435], [0.3386373], [0.102411695], [0.21819983], [0.23080486], [0.09117681], [0.10072511], [0.20761445], [0.18113475], [0.3119065], [0.2882609], [0.17305705], [0.1395208], [0.14579304], [0.06613801], [0.34051362], [0.22984368], [0.16336809], [0.2754072], [0.22152717], [0.19384965], [0.14326078], [0.09752056], [0.09115904], [0.33702958], [0.08058345], [0.1521963], [0.12880696], [0.11581912], [0.28763953], [0.29218966], [0.14900157], [0.046533186], [0.32607454], [0.3006153], [0.3414106], [0.31307468], [0.3034618], [0.12533025], [0.33435178], [0.09173756], [0.16396634], [0.05391068], [0.27615836], [0.23837797], [0.30121672], [0.31094503], [0.21427341], [0.09304697], [0.29211703], [0.20263952], [0.19600913], [0.3402758], [0.15988412], [0.30263698], [0.21259089], [0.19473721], [0.15712728], [0.32438126], [0.2915218], [0.12312057], [0.061658654], [0.056439705], [0.0016299683], [0.13688184], [0.2755611], [0.30966368], [0.29702306], [0.24882495], [0.28579405], [9.6442345e-06], [0.15897468], [0.3262279], [0.09466859], [0.22512057], [0.10297251], [0.29849195], [0.1639935], [0.15884249]]
orig_inds:	[0, 1, 3, 4, 5, 6, 7, 8, 9, 10, 11, 12, 13, 14, 15, 16, 17, 18, 19, 20, 21, 22, 23, 24, 25, 26, 28, 29, 30, 31, 32, 33, 34, 36, 37, 39, 40, 41, 42, 43, 44, 45, 46, 47, 48, 49, 50, 51, 52, 54, 55, 56, 57, 58, 59, 60, 61, 62, 63, 64, 65, 66, 71, 73, 74, 76, 77, 80, 81, 82, 83, 84, 85, 86, 88, 89, 91, 92, 94, 95, 96, 97, 98, 99]
