
FA:	[[1.0], [1.0], [1.0], [1.0], [0.0], [1.0], [1.0], [1.0], [1.0], [1.0], [1.0], [1.0], [1.0], [1.0], [1.0], [1.0], [1.0], [1.0], [1.0], [1.0], [1.0], [1.0], [1.0], [1.0], [1.0], [1.0], [1.0], [1.0], [1.0], [1.0], [1.0], [1.0], [1.0], [1.0], [1.0], [1.0], [1.0], [0.0], [1.0], [1.0], [1.0], [1.0], [1.0], [1.0], [1.0], [1.0], [1.0], [1.0], [1.0], [1.0], [1.0], [1.0], [1.0], [1.0], [1.0], [1.0], [1.0], [1.0], [1.0], [1.0], [1.0], [1.0], [1.0], [1.0], [1.0], [1.0], [1.0], [1.0], [1.0], [1.0], [1.0], [1.0], [1.0], [0.0], [1.0], [1.0], [1.0], [1.0], [1.0], [1.0], [1.0], [1.0], [1.0], [1.0]]
RA:	[[1.0], [1.0], [1.0], [1.0], [0.0], [1.0], [1.0], [1.0], [1.0], [1.0], [1.0], [1.0], [1.0], [1.0], [1.0], [1.0], [1.0], [1.0], [1.0], [1.0], [1.0], [1.0], [1.0], [1.0], [1.0], [1.0], [1.0], [1.0], [1.0], [1.0], [1.0], [1.0], [1.0], [1.0], [1.0], [1.0], [1.0], [0.0], [1.0], [1.0], [1.0], [1.0], [1.0], [1.0], [1.0], [1.0], [1.0], [1.0], [1.0], [1.0], [1.0], [1.0], [1.0], [1.0], [1.0], [1.0], [1.0], [1.0], [1.0], [1.0], [1.0], [1.0], [1.0], [1.0], [1.0], [1.0], [1.0], [1.0], [1.0], [1.0], [1.0], [1.0], [1.0], [0.0], [1.0], [1.0], [1.0], [1.0], [1.0], [1.0], [1.0], [1.0], [1.0], [1.0]]
PGU:	[[0.056284636], [0.2001095], [0.016090937], [0.10277089], [0.18911494], [0.016802473], [0.19956037], [0.016051587], [0.07708172], [0.08962376], [0.01263639], [0.017460376], [0.072246484], [0.05370411], [0.16868153], [0.13873746], [0.046156164], [0.029775213], [0.033368006], [0.007283275], [0.19917645], [0.085908815], [0.038364742], [0.12970345], [0.08395782], [0.06254999], [0.032833096], [0.014861962], [0.013202956], [0.20133096], [0.010660754], [0.034227945], [0.02793507], [0.021422314], [0.13546947], [0.14218165], [0.03615998], [0.056174695], [0.18337491], [0.15419407], [0.20117284], [0.16756459], [0.1605776], [0.026402643], [0.19606404], [0.014044917], [0.042847622], [0.004818672], [0.13214567], [0.09592633], [0.15321696], [0.17067403], [0.07718042], [0.013478129], [0.14928612], [0.07182593], [0.063209414], [0.20033234], [0.04155984], [0.15216741], [0.07282615], [0.060172193], [0.03612509], [0.17510451], [0.14815943], [0.023197599], [0.006459046], [0.0061146896], [3.5944784e-05], [0.030436048], [0.12665062], [0.16338423], [0.14346087], [0.26085132], [0.14478806], [1.393795e-07], [0.039096378], [0.18804422], [0.013187081], [0.08598758], [0.016464876], [0.15360656], [0.04590019], [0.039527677]]
PGI:	[[0.18181202], [0.33211622], [0.0923479], [0.23554057], [0.010020067], [0.093548834], [0.33257994], [0.08930598], [0.20655203], [0.22399716], [0.07981468], [0.09880295], [0.2038538], [0.1672032], [0.3023552], [0.27818966], [0.1574726], [0.13096413], [0.14001028], [0.060151216], [0.32967216], [0.21785448], [0.14632317], [0.2723688], [0.21213771], [0.18502162], [0.13518973], [0.09337773], [0.08320175], [0.32845956], [0.07551883], [0.1342186], [0.12179875], [0.1061579], [0.27253002], [0.28690034], [0.14526072], [0.0007414217], [0.3203548], [0.29166147], [0.3331933], [0.30107597], [0.29754466], [0.119979285], [0.32841915], [0.08413235], [0.15099499], [0.047488872], [0.27231583], [0.22879606], [0.28904164], [0.30254793], [0.20520623], [0.08123431], [0.28812876], [0.19671367], [0.19153358], [0.33131546], [0.15056425], [0.29121482], [0.20369099], [0.18079016], [0.14102228], [0.31326506], [0.28728464], [0.11301353], [0.05547052], [0.052781634], [0.0011162439], [0.1316526], [0.26774004], [0.299544], [0.28510654], [0.024111344], [0.28205356], [9.799766e-06], [0.1493216], [0.3197308], [0.08068323], [0.22018225], [0.08747166], [0.29546463], [0.16579345], [0.14576499]]
orig_inds:	[0, 1, 3, 4, 5, 6, 7, 8, 9, 10, 11, 12, 13, 14, 15, 16, 17, 18, 19, 20, 21, 22, 23, 24, 25, 26, 28, 29, 30, 31, 32, 33, 34, 36, 37, 39, 40, 41, 42, 43, 44, 45, 46, 47, 48, 49, 50, 51, 52, 54, 55, 56, 57, 58, 59, 60, 61, 62, 63, 64, 65, 66, 71, 73, 74, 76, 77, 80, 81, 82, 83, 84, 85, 86, 88, 89, 91, 92, 94, 95, 96, 97, 98, 99]
