
FA:	[[1.0], [1.0], [1.0], [1.0], [0.0], [1.0], [1.0], [1.0], [1.0], [1.0], [1.0], [1.0], [1.0], [1.0], [1.0], [1.0], [1.0], [1.0], [1.0], [1.0], [1.0], [1.0], [1.0], [1.0], [1.0], [1.0], [1.0], [1.0], [1.0], [1.0], [1.0], [1.0], [1.0], [1.0], [1.0], [1.0], [1.0], [0.0], [1.0], [1.0], [1.0], [1.0], [1.0], [1.0], [1.0], [1.0], [1.0], [1.0], [1.0], [1.0], [1.0], [1.0], [1.0], [1.0], [1.0], [1.0], [1.0], [1.0], [1.0], [1.0], [1.0], [1.0], [1.0], [1.0], [1.0], [1.0], [1.0], [1.0], [1.0], [1.0], [1.0], [1.0], [1.0], [0.0], [1.0], [1.0], [1.0], [1.0], [1.0], [1.0], [1.0], [1.0], [1.0], [1.0]]
RA:	[[1.0], [1.0], [1.0], [1.0], [0.0], [1.0], [1.0], [1.0], [1.0], [1.0], [1.0], [1.0], [1.0], [1.0], [1.0], [1.0], [1.0], [1.0], [1.0], [1.0], [1.0], [1.0], [1.0], [1.0], [1.0], [1.0], [1.0], [1.0], [1.0], [1.0], [1.0], [1.0], [1.0], [1.0], [1.0], [1.0], [1.0], [0.0], [1.0], [1.0], [1.0], [1.0], [1.0], [1.0], [1.0], [1.0], [1.0], [1.0], [1.0], [1.0], [1.0], [1.0], [1.0], [1.0], [1.0], [1.0], [1.0], [1.0], [1.0], [1.0], [1.0], [1.0], [1.0], [1.0], [1.0], [1.0], [1.0], [1.0], [1.0], [1.0], [1.0], [1.0], [1.0], [0.0], [1.0], [1.0], [1.0], [1.0], [1.0], [1.0], [1.0], [1.0], [1.0], [1.0]]
PGU:	[[0.05789323], [0.19922404], [0.016178466], [0.10333828], [0.18717416], [0.015474812], [0.1997269], [0.016558036], [0.07742032], [0.08929111], [0.012652477], [0.017655686], [0.07197542], [0.05283584], [0.16666415], [0.13873132], [0.04615582], [0.029897733], [0.033123605], [0.007587879], [0.1992232], [0.0850512], [0.038648866], [0.13036034], [0.08451298], [0.06206676], [0.03330612], [0.015563465], [0.013043619], [0.20020564], [0.0110122925], [0.034366194], [0.02651637], [0.021578304], [0.13816792], [0.14634393], [0.036785096], [0.054224744], [0.18650857], [0.15414049], [0.20258546], [0.16740434], [0.16019034], [0.026490659], [0.19710462], [0.013972761], [0.043122064], [0.0048485016], [0.13121673], [0.09499847], [0.15536067], [0.16871886], [0.075861216], [0.013337541], [0.14924005], [0.06974532], [0.064582236], [0.20250008], [0.04234133], [0.15235582], [0.073174804], [0.06087606], [0.036201205], [0.1764521], [0.14792295], [0.02387376], [0.006734762], [0.006015553], [3.6632173e-05], [0.03086475], [0.12755747], [0.16762425], [0.1422919], [0.25792065], [0.14190252], [1.3623237e-07], [0.039860692], [0.19008298], [0.012961049], [0.080704495], [0.016011082], [0.15675858], [0.04593752], [0.03897153]]
PGI:	[[0.17874679], [0.3327997], [0.09475691], [0.23923448], [0.009916274], [0.09286447], [0.32939634], [0.094436154], [0.20784758], [0.2241378], [0.08086171], [0.09668418], [0.2004626], [0.1733812], [0.30096042], [0.28173035], [0.16137439], [0.12753348], [0.13489377], [0.061719056], [0.33305892], [0.22120346], [0.14758827], [0.27134022], [0.21830375], [0.19034614], [0.13631788], [0.08791503], [0.08352816], [0.32804298], [0.072939456], [0.1374949], [0.12317327], [0.10779631], [0.27243003], [0.28220248], [0.14496893], [0.0007308379], [0.31831664], [0.2918532], [0.32905126], [0.30225345], [0.29285526], [0.12216657], [0.32862392], [0.08514157], [0.15039977], [0.045594737], [0.27411932], [0.23479754], [0.29248503], [0.30716443], [0.21131805], [0.08126929], [0.2861021], [0.19525357], [0.18610366], [0.33142835], [0.15030538], [0.29292572], [0.20160876], [0.18216223], [0.14136706], [0.30993095], [0.282865], [0.115530714], [0.0541964], [0.054507118], [0.0012226284], [0.13165528], [0.26401454], [0.30026886], [0.27855858], [0.02465801], [0.279187], [6.9241105e-06], [0.14396858], [0.31981945], [0.08033306], [0.21655618], [0.093042016], [0.29111668], [0.16250339], [0.14502154]]
orig_inds:	[0, 1, 3, 4, 5, 6, 7, 8, 9, 10, 11, 12, 13, 14, 15, 16, 17, 18, 19, 20, 21, 22, 23, 24, 25, 26, 28, 29, 30, 31, 32, 33, 34, 36, 37, 39, 40, 41, 42, 43, 44, 45, 46, 47, 48, 49, 50, 51, 52, 54, 55, 56, 57, 58, 59, 60, 61, 62, 63, 64, 65, 66, 71, 73, 74, 76, 77, 80, 81, 82, 83, 84, 85, 86, 88, 89, 91, 92, 94, 95, 96, 97, 98, 99]
