
FA:	[[0.5], [0.5], [0.5], [0.5], [0.5], [0.5], [1.0], [1.0], [1.0], [0.5], [0.5], [0.5], [0.5], [0.5], [1.0], [0.5], [0.5], [0.5], [1.0], [0.5], [0.5], [1.0], [0.5], [0.5], [0.5], [0.5], [0.5], [0.5], [0.5], [0.5], [0.5], [1.0], [0.5], [0.5], [0.5], [0.5], [0.5], [0.5], [0.5], [0.5], [0.5], [0.5], [0.5], [0.5], [0.5], [0.5], [0.5], [1.0], [1.0], [0.5], [0.5], [0.5], [0.5], [0.5], [1.0], [0.5], [0.5], [1.0], [1.0], [0.5], [0.5], [0.5], [1.0], [1.0], [0.5], [0.5], [1.0], [0.5], [0.5], [1.0], [0.5], [0.5], [1.0], [0.0], [0.5], [0.5], [1.0], [0.5], [0.5], [1.0], [1.0], [0.5], [0.5], [0.5]]
RA:	[[0.5], [0.5], [0.5], [0.5], [0.0], [0.5], [1.0], [1.0], [1.0], [0.5], [0.5], [0.5], [0.5], [0.5], [1.0], [0.5], [0.5], [0.5], [1.0], [0.5], [0.5], [1.0], [0.5], [0.5], [0.5], [0.5], [0.5], [0.5], [0.5], [0.5], [0.5], [1.0], [0.5], [0.5], [0.5], [0.5], [0.5], [0.0], [0.5], [0.5], [0.5], [0.5], [0.5], [0.5], [0.5], [0.5], [0.5], [1.0], [1.0], [0.5], [0.5], [0.5], [0.5], [0.5], [1.0], [0.5], [0.5], [1.0], [1.0], [0.5], [0.5], [0.5], [1.0], [1.0], [0.5], [0.5], [1.0], [0.5], [0.5], [1.0], [0.5], [0.5], [1.0], [0.0], [0.5], [0.5], [1.0], [0.5], [0.5], [1.0], [1.0], [0.5], [0.5], [0.5]]
PGU:	[[0.04946664], [0.1961675], [0.012548825], [0.09459475], [0.05073618], [0.015217384], [0.17079541], [0.011246911], [0.059513953], [0.082071654], [0.010742556], [0.016980395], [0.067569576], [0.052095972], [0.1388614], [0.123893395], [0.0444791], [0.025770178], [0.023901727], [0.0064129587], [0.1848635], [0.06610355], [0.033285577], [0.1302245], [0.07718761], [0.06055846], [0.03340132], [0.012764932], [0.011347337], [0.18647629], [0.009303623], [0.024812095], [0.024198962], [0.018493185], [0.12550633], [0.13286416], [0.03459965], [0.004580855], [0.17255653], [0.13371828], [0.19946495], [0.15466623], [0.14534606], [0.020631734], [0.19667734], [0.013029498], [0.040745422], [0.0031702467], [0.106640615], [0.084579], [0.14309762], [0.15488023], [0.07543722], [0.013011377], [0.121736765], [0.06864592], [0.061521336], [0.1707206], [0.030140737], [0.14083353], [0.065862924], [0.052665327], [0.02669079], [0.14483675], [0.13799052], [0.020563144], [0.0044723344], [0.0059094406], [3.0319583e-05], [0.021059077], [0.11744165], [0.15964319], [0.11829489], [0.25993192], [0.1411832], [1.2809038e-07], [0.028565725], [0.1760945], [0.011285043], [0.06311204], [0.011189585], [0.14370447], [0.040918462], [0.03529443]]
PGI:	[[0.1805208], [0.32995993], [0.09330338], [0.2444565], [0.17805468], [0.09189346], [0.3350138], [0.09847205], [0.21069352], [0.22987632], [0.081767805], [0.09864734], [0.19958608], [0.17249586], [0.3051873], [0.28081697], [0.16368821], [0.13122655], [0.13988967], [0.061224878], [0.3345657], [0.2236852], [0.14492732], [0.26709208], [0.22084753], [0.1863459], [0.13559456], [0.09137859], [0.083142534], [0.33127788], [0.0781509], [0.1453424], [0.12401812], [0.111172326], [0.2769868], [0.28543773], [0.14522588], [0.045523923], [0.3213128], [0.29642078], [0.33352816], [0.3081636], [0.29636014], [0.124202736], [0.33070254], [0.082957394], [0.15376814], [0.05026105], [0.27767184], [0.22956753], [0.29506952], [0.30534312], [0.2136021], [0.081867635], [0.2919663], [0.19305792], [0.18542814], [0.3349266], [0.15099451], [0.2933525], [0.205932], [0.1851699], [0.14718263], [0.31538007], [0.2905936], [0.113838755], [0.06091478], [0.053997785], [0.0013321609], [0.13212714], [0.27229956], [0.30333635], [0.28890282], [0.024780072], [0.28333387], [5.0192652e-06], [0.1533747], [0.32165086], [0.085067034], [0.21702656], [0.09407753], [0.29581317], [0.16040902], [0.15053299]]
orig_inds:	[0, 1, 3, 4, 5, 6, 7, 8, 9, 10, 11, 12, 13, 14, 15, 16, 17, 18, 19, 20, 21, 22, 23, 24, 25, 26, 28, 29, 30, 31, 32, 33, 34, 36, 37, 39, 40, 41, 42, 43, 44, 45, 46, 47, 48, 49, 50, 51, 52, 54, 55, 56, 57, 58, 59, 60, 61, 62, 63, 64, 65, 66, 71, 73, 74, 76, 77, 80, 81, 82, 83, 84, 85, 86, 88, 89, 91, 92, 94, 95, 96, 97, 98, 99]
