
FA:	[[1.0], [1.0], [1.0], [1.0], [1.0], [1.0], [1.0], [1.0], [1.0], [1.0], [1.0], [1.0], [1.0], [1.0], [1.0], [1.0], [1.0], [1.0], [1.0], [1.0], [1.0], [1.0], [1.0], [1.0], [1.0], [1.0], [1.0], [1.0], [1.0], [1.0], [1.0], [1.0], [1.0], [1.0], [1.0], [1.0], [1.0], [1.0], [1.0], [1.0], [1.0], [1.0], [1.0], [1.0], [1.0], [1.0], [1.0], [1.0], [1.0], [1.0], [1.0], [1.0], [1.0], [1.0], [1.0], [1.0], [1.0], [1.0], [1.0], [1.0], [1.0], [1.0], [1.0], [1.0], [1.0], [1.0], [1.0], [1.0], [1.0], [1.0], [1.0], [1.0], [1.0], [1.0], [1.0], [1.0], [1.0], [1.0], [1.0], [1.0], [1.0], [1.0]]
RA:	[[1.0], [1.0], [1.0], [1.0], [1.0], [1.0], [1.0], [1.0], [1.0], [1.0], [1.0], [1.0], [1.0], [1.0], [1.0], [1.0], [1.0], [1.0], [1.0], [1.0], [1.0], [1.0], [1.0], [1.0], [1.0], [1.0], [1.0], [1.0], [1.0], [1.0], [1.0], [1.0], [1.0], [1.0], [1.0], [1.0], [1.0], [1.0], [1.0], [1.0], [1.0], [1.0], [1.0], [1.0], [1.0], [1.0], [1.0], [1.0], [1.0], [1.0], [1.0], [1.0], [1.0], [1.0], [1.0], [1.0], [1.0], [1.0], [1.0], [1.0], [1.0], [1.0], [1.0], [1.0], [1.0], [1.0], [1.0], [1.0], [1.0], [1.0], [1.0], [1.0], [1.0], [1.0], [1.0], [1.0], [1.0], [1.0], [1.0], [1.0], [1.0], [1.0]]
PGU:	[[0.018989533], [0.01861888], [0.020840459], [0.019557837], [0.01805655], [0.020801987], [0.017792678], [0.020993711], [0.021371922], [0.016662372], [0.016472824], [0.019871244], [0.014817885], [0.020310737], [0.020868093], [0.02008931], [0.019950695], [0.020850567], [0.014321167], [0.020671198], [0.016078621], [0.02146056], [0.021329438], [0.021253863], [0.016445564], [0.01833293], [0.01947559], [0.016583312], [0.021004235], [0.017201807], [0.021218052], [0.019437337], [0.018705659], [0.021227997], [0.019363139], [0.018192228], [0.021358818], [0.021406414], [0.021284297], [0.017478986], [0.020096472], [0.017364284], [0.020876942], [0.02032336], [0.017638456], [0.02129436], [0.017730385], [0.0152287], [0.020743381], [0.021109035], [0.019685715], [0.019338012], [0.015268759], [0.021243976], [0.021174602], [0.019605426], [0.017926678], [0.021233127], [0.021326343], [0.02113204], [0.020762026], [0.021048592], [0.014504034], [0.02091542], [0.021282064], [0.021323465], [0.015145123], [0.016191375], [0.021090291], [0.021396313], [0.019952357], [0.017495105], [0.020667965], [0.020818703], [0.021277443], [0.021090308], [0.017464755], [0.019556906], [0.018530516], [0.021462362], [0.020398708], [0.019607048]]
PGI:	[[0.038230047], [0.037647143], [0.041864786], [0.038333185], [0.036187787], [0.042570956], [0.035890147], [0.042800464], [0.042482592], [0.033656273], [0.03346306], [0.040209755], [0.02995175], [0.041101176], [0.04132037], [0.04061307], [0.040769115], [0.042015415], [0.029072845], [0.042010006], [0.03235422], [0.04346401], [0.043056574], [0.042611346], [0.034124043], [0.036410175], [0.039299987], [0.033239953], [0.04276238], [0.035171904], [0.04291603], [0.03890099], [0.037817363], [0.042485453], [0.039003167], [0.03707907], [0.04333435], [0.04274711], [0.042936686], [0.035013407], [0.03994583], [0.035209388], [0.04205313], [0.04064148], [0.03586377], [0.042884536], [0.035319947], [0.030513523], [0.041444346], [0.041640162], [0.040247206], [0.038495153], [0.030990615], [0.043229897], [0.04244032], [0.039456718], [0.03650947], [0.04260918], [0.042977404], [0.042565327], [0.042664457], [0.04164748], [0.029357499], [0.043315], [0.043349065], [0.043174468], [0.030870825], [0.033411402], [0.042371925], [0.043577075], [0.040159754], [0.034594268], [0.04197638], [0.041801073], [0.043124706], [0.042216126], [0.03536267], [0.03989698], [0.038129747], [0.043278694], [0.0416364], [0.03967134]]
orig_inds:	[0, 1, 2, 3, 4, 5, 6, 7, 8, 11, 13, 14, 15, 16, 17, 19, 21, 22, 23, 25, 26, 28, 30, 31, 32, 33, 34, 36, 37, 38, 40, 41, 42, 43, 44, 45, 48, 49, 50, 51, 53, 54, 55, 56, 57, 58, 59, 60, 61, 63, 64, 65, 68, 69, 70, 71, 72, 73, 74, 75, 76, 77, 78, 79, 80, 81, 82, 84, 85, 86, 87, 88, 89, 90, 91, 92, 93, 94, 95, 96, 98, 99]
