
FA:	[[0.5], [1.0], [0.5], [0.5], [0.5], [1.0], [1.0], [0.5], [0.5], [1.0], [0.5], [0.5], [0.5], [1.0], [1.0], [0.5], [1.0], [0.5], [1.0], [1.0], [0.5], [0.5], [0.5], [0.5], [0.5], [0.5], [0.5], [0.5], [0.5], [1.0], [1.0], [1.0], [0.5], [0.5], [0.5], [1.0], [0.5], [1.0], [0.5], [1.0], [0.5], [0.5], [0.5], [0.5], [0.5], [1.0], [0.5], [1.0], [1.0], [0.5], [0.5], [0.5], [0.5], [0.5], [0.5], [0.5], [0.5], [1.0], [0.5], [0.5], [0.5], [0.5], [0.5], [0.5], [1.0], [0.5], [1.0], [0.5], [0.5], [0.5], [0.5], [1.0], [0.5], [1.0], [0.5], [1.0], [1.0], [1.0], [0.5], [0.5], [0.5], [0.5]]
RA:	[[0.5], [1.0], [0.5], [0.5], [0.5], [1.0], [1.0], [0.5], [0.5], [1.0], [0.5], [0.5], [0.5], [1.0], [1.0], [0.5], [1.0], [0.5], [1.0], [1.0], [0.5], [0.5], [0.5], [0.5], [0.5], [0.5], [0.5], [0.5], [0.5], [1.0], [1.0], [1.0], [0.5], [0.5], [0.5], [1.0], [0.5], [1.0], [0.5], [1.0], [0.5], [0.5], [0.5], [0.5], [0.5], [1.0], [0.5], [1.0], [1.0], [0.5], [0.5], [0.5], [0.5], [0.5], [0.5], [0.5], [0.5], [1.0], [0.5], [0.5], [0.5], [0.5], [0.5], [0.5], [1.0], [0.5], [1.0], [0.5], [0.5], [0.5], [0.5], [1.0], [0.5], [1.0], [0.5], [1.0], [1.0], [1.0], [0.5], [0.5], [0.5], [0.5]]
PGU:	[[0.017598648], [0.008534377], [0.019353352], [0.017716046], [0.016400684], [0.009461755], [0.008114655], [0.019861568], [0.019708596], [0.007563758], [0.015290865], [0.018370416], [0.013687746], [0.009524568], [0.009188725], [0.018478235], [0.009278719], [0.01941588], [0.006515834], [0.009482117], [0.014585402], [0.01978823], [0.019646658], [0.019665616], [0.015230014], [0.016487405], [0.017715687], [0.0151802655], [0.019671546], [0.007893727], [0.009772085], [0.00870051], [0.017226323], [0.01914766], [0.017962009], [0.0082734255], [0.019713143], [0.009726688], [0.01968177], [0.008019469], [0.018479053], [0.016211547], [0.019577606], [0.019150088], [0.016409092], [0.009665714], [0.016160585], [0.006875474], [0.009533573], [0.01913989], [0.01834359], [0.01755164], [0.014115037], [0.0196882], [0.019384779], [0.018166851], [0.016603775], [0.009577935], [0.019622825], [0.019553874], [0.020085072], [0.019562377], [0.013348883], [0.019945081], [0.009545195], [0.019662675], [0.0069595566], [0.015736125], [0.019519953], [0.019830458], [0.018310975], [0.007800524], [0.019213036], [0.009354964], [0.0198258], [0.009516636], [0.0078865765], [0.008972525], [0.017128637], [0.01982999], [0.019272637], [0.01786297]]
PGI:	[[0.039014906], [0.040897775], [0.043041397], [0.039355546], [0.036995795], [0.045938384], [0.039566137], [0.04392874], [0.04396247], [0.03698792], [0.034420017], [0.04087034], [0.030902997], [0.04507535], [0.045963023], [0.041551266], [0.04439565], [0.04332786], [0.03225233], [0.045826722], [0.03291317], [0.043759506], [0.044023704], [0.04351195], [0.033875003], [0.03735931], [0.04005756], [0.03406778], [0.043922942], [0.03796548], [0.04669186], [0.04188489], [0.03880115], [0.04268907], [0.039958827], [0.04003371], [0.044293683], [0.04667752], [0.043651745], [0.038498875], [0.040840752], [0.03538366], [0.043475755], [0.042029146], [0.03665557], [0.0468103], [0.036742818], [0.03393802], [0.04606713], [0.04329153], [0.04118256], [0.039696187], [0.03161774], [0.043429825], [0.043458074], [0.039795972], [0.036465526], [0.04636838], [0.043751072], [0.043667696], [0.04257597], [0.043023072], [0.029305255], [0.043437034], [0.046339046], [0.04408681], [0.034159172], [0.03291134], [0.043127947], [0.043965288], [0.03981589], [0.038617384], [0.042474575], [0.045529433], [0.04294558], [0.046678077], [0.038606614], [0.04328592], [0.038400877], [0.043239523], [0.04272685], [0.039773054]]
orig_inds:	[0, 1, 2, 3, 4, 5, 6, 7, 8, 11, 13, 14, 15, 16, 17, 19, 21, 22, 23, 25, 26, 28, 30, 31, 32, 33, 34, 36, 37, 38, 40, 41, 42, 43, 44, 45, 48, 49, 50, 51, 53, 54, 55, 56, 57, 58, 59, 60, 61, 63, 64, 65, 68, 69, 70, 71, 72, 73, 74, 75, 76, 77, 78, 79, 80, 81, 82, 84, 85, 86, 87, 88, 89, 90, 91, 92, 93, 94, 95, 96, 98, 99]
