
FA:	[[1.0], [1.0], [1.0], [1.0], [1.0], [1.0], [1.0], [1.0], [1.0], [1.0], [1.0], [1.0], [1.0], [1.0], [1.0], [1.0], [1.0], [1.0], [1.0], [1.0], [1.0], [1.0], [1.0], [1.0], [1.0], [1.0], [1.0], [1.0], [1.0], [1.0], [1.0], [1.0], [1.0], [1.0], [1.0], [1.0], [1.0], [1.0], [1.0], [1.0], [1.0], [1.0], [1.0], [1.0], [1.0], [1.0], [1.0], [1.0], [1.0], [1.0], [1.0], [1.0], [1.0], [1.0], [1.0], [1.0], [1.0], [1.0], [1.0], [1.0], [1.0], [1.0], [1.0], [1.0], [1.0], [1.0], [1.0], [1.0], [1.0], [1.0], [1.0], [1.0], [1.0], [1.0], [1.0], [1.0], [1.0], [1.0], [1.0], [1.0], [1.0], [1.0]]
RA:	[[0.5], [1.0], [0.5], [0.5], [0.5], [1.0], [1.0], [0.5], [0.5], [1.0], [0.5], [0.5], [0.5], [1.0], [1.0], [0.5], [1.0], [0.5], [0.5], [1.0], [0.5], [0.5], [0.5], [0.5], [0.5], [0.5], [0.5], [0.5], [0.5], [1.0], [1.0], [0.5], [0.5], [0.5], [0.5], [1.0], [0.5], [1.0], [0.5], [1.0], [0.5], [0.5], [0.5], [0.5], [0.5], [1.0], [0.5], [1.0], [1.0], [0.5], [0.5], [0.5], [0.5], [0.5], [0.5], [0.5], [0.5], [1.0], [0.5], [0.5], [0.5], [0.5], [0.5], [0.5], [1.0], [0.5], [1.0], [0.5], [0.5], [0.5], [0.5], [1.0], [0.5], [1.0], [0.5], [1.0], [1.0], [1.0], [0.5], [0.5], [0.5], [0.5]]
PGU:	[[0.0], [0.0], [0.0], [0.0], [0.0], [0.0], [0.0], [0.0], [0.0], [0.0], [0.0], [5.9604645e-08], [0.0], [0.0], [0.0], [0.0], [0.0], [0.0], [0.0], [0.0], [0.0], [0.0], [0.0], [0.0], [0.0], [0.0], [0.0], [0.0], [0.0], [0.0], [0.0], [0.0], [0.0], [0.0], [0.0], [0.0], [0.0], [0.0], [0.0], [0.0], [0.0], [0.0], [0.0], [0.0], [0.0], [0.0], [0.0], [0.0], [0.0], [0.0], [0.0], [0.0], [0.0], [0.0], [0.0], [0.0], [2.9802322e-08], [0.0], [0.0], [0.0], [0.0], [0.0], [0.0], [0.0], [0.0], [0.0], [0.0], [0.0], [0.0], [0.0], [0.0], [0.0], [0.0], [0.0], [0.0], [0.0], [0.0], [0.0], [0.0], [0.0], [2.9802322e-08], [0.0]]
PGI:	[[0.04304006], [0.0416717], [0.04669999], [0.04340918], [0.03988138], [0.047126748], [0.040114082], [0.047730513], [0.047481675], [0.03775719], [0.037383653], [0.044538252], [0.033349425], [0.04650533], [0.04626491], [0.045418754], [0.04566101], [0.047116514], [0.032300618], [0.04707445], [0.03574048], [0.04831327], [0.048025545], [0.047700785], [0.037314635], [0.040957574], [0.043457422], [0.037248056], [0.047487993], [0.039497517], [0.047882583], [0.043428734], [0.042181656], [0.04670564], [0.04358593], [0.040953975], [0.048581317], [0.047986254], [0.047787316], [0.038777996], [0.044445556], [0.039284352], [0.046613198], [0.04531485], [0.04012097], [0.047244262], [0.039445434], [0.034341447], [0.047087707], [0.04717843], [0.04492068], [0.04233584], [0.034893077], [0.04747259], [0.047368124], [0.043870766], [0.040694978], [0.047576346], [0.04855217], [0.047638316], [0.0469916], [0.046934456], [0.032353114], [0.048461013], [0.04766659], [0.04784287], [0.034806162], [0.03690896], [0.04713867], [0.04808852], [0.044139296], [0.03954427], [0.04589916], [0.047077734], [0.047478832], [0.04694813], [0.03929934], [0.044226646], [0.04179459], [0.047428206], [0.046792742], [0.043773524]]
orig_inds:	[0, 1, 2, 3, 4, 5, 6, 7, 8, 11, 13, 14, 15, 16, 17, 19, 21, 22, 23, 25, 26, 28, 30, 31, 32, 33, 34, 36, 37, 38, 40, 41, 42, 43, 44, 45, 48, 49, 50, 51, 53, 54, 55, 56, 57, 58, 59, 60, 61, 63, 64, 65, 68, 69, 70, 71, 72, 73, 74, 75, 76, 77, 78, 79, 80, 81, 82, 84, 85, 86, 87, 88, 89, 90, 91, 92, 93, 94, 95, 96, 98, 99]
