
FA:	[]
RA:	[]
PGU:	[0.020290206271511124, 0.20128747075796127, 0.22433115541934967, 0.06923618167638779, 0.05701030232012272, 0.166803278028965, 0.33903399109840393, 0.19616813957691193, 2.3320185846387176e-05, 0.08329027518630028, 0.26640354096889496, 0.15858741104602814, 0.14479273557662964, 0.06925087422132492, 0.1835310161113739, 0.3314024806022644, 0.3411365747451782, 0.002091766335070133, 0.011653977446258068, 0.4418925940990448, 0.4336967468261719, 0.012831831428457008, 0.2692352831363678, 0.24065212905406952, 0.09095704555511475, 0.25767867267131805, 0.34793785214424133, 0.007194928797332523, 0.017581689171493053, 0.019447135739028454, 0.006374741585275956, 0.025696856901049614, 0.40419216454029083, 0.033159419894218445, 0.1931934729218483, 0.3000251203775406]
PGI:	[0.055613406002521515, 9.964143464458175e-05, 0.007328881765715778, 3.1643287456972757e-06, 0.01907907509666984, 5.9356067367843934e-06, 0.3841904103755951, 0.00014792423462495208, 0.048084430396556854, 1.8388897160548368e-06, 0.37753839790821075, 0.23828347027301788, 0.262693390250206, 9.235973493559868e-06, 0.00018552530309534632, 0.12848976999521255, 0.1053721271455288, 0.12878144532442093, 0.2666750103235245, 0.2560957297682762, 0.2470710277557373, 0.03717012517154217, 0.3732147812843323, 0.0010715925600379705, 0.18126711249351501, 0.3751121461391449, 0.0503440173342824, 0.02008936693891883, 0.2663111984729767, 1.363240471619065e-05, 0.01175662805326283, 0.2577885389328003, 0.026215380989015102, 0.13426411896944046, 0.02301935665309429, 0.001729790645185858]
orig_inds:	[0, 1, 4, 7, 9, 15, 18, 22, 23, 25, 28, 31, 38, 40, 44, 45, 47, 48, 51, 52, 57, 61, 65, 68, 74, 75, 76, 77, 78, 82, 83, 87, 91, 92, 95, 99]
