
FA:	[]
RA:	[]
PGU:	[0.013377650028511804, 0.16649699956178665, 0.19091270367304483, 0.054026876886685685, 0.03878827065818768, 0.14340224613746008, 0.31540567676226294, 0.20303897559642792, 1.9576239424168307e-05, 0.08120753367741904, 0.2318383753299713, 0.13130759199460348, 0.12545859068632126, 0.0710430641969045, 0.15413708736499152, 0.2921660343805949, 0.3028219242890676, 0.0017571260492938259, 0.01235497525582711, 0.41813335816065467, 0.40469032526016235, 0.007891378479219687, 0.25425074994564056, 0.24025648832321167, 0.06373225525021553, 0.2430032690366109, 0.3077944914499919, 0.004181977410136521, 0.018555928021669388, 0.018074819197257362, 0.00370922205307996, 0.024539945026238758, 0.39977730313936866, 0.03335119659701983, 0.16335368901491165, 0.30056172609329224]
PGI:	[0.05910490949948628, 0.030724945109492793, 0.04479613977794847, 0.011768631455349048, 0.04043765900132712, 0.027337402190823926, 0.4040311574935913, 0.0001814663119148463, 0.05143934612472852, 1.827941332521732e-06, 0.39160507917404175, 0.2624957412481308, 0.28150605658690137, 1.202234473870097e-05, 0.029678124262621473, 0.1748616248369217, 0.15303539484739304, 0.13163437445958456, 0.2645013630390167, 0.29650160670280457, 0.28495580454667413, 0.043602660919229194, 0.3830326497554779, 0.0010977961743871372, 0.2070715775092443, 0.37883347272872925, 0.10929706071813902, 0.023297233507037163, 0.2709718147913615, 3.5318608316477675e-06, 0.014527947952349981, 0.2577762206395467, 0.05274796610077223, 0.13672256469726562, 0.054502432545026146, 0.0022942347956510884]
orig_inds:	[0, 1, 4, 7, 9, 15, 18, 22, 23, 25, 28, 31, 38, 40, 44, 45, 47, 48, 51, 52, 57, 61, 65, 68, 74, 75, 76, 77, 78, 82, 83, 87, 91, 92, 95, 99]
