
FA:	[]
RA:	[]
PGU:	[0.03981361538171768, 0.20082971453666687, 0.22518543899059296, 0.06848455965518951, 0.07726427167654037, 0.16667555272579193, 0.36740726232528687, 0.20017552375793457, 3.972639751737006e-05, 0.08018629252910614, 0.33468422293663025, 0.20978808403015137, 0.1972341239452362, 0.06652319431304932, 0.1882968544960022, 0.3352805972099304, 0.34801608324050903, 0.003028411418199539, 0.012928787618875504, 0.43967515230178833, 0.43724048137664795, 0.023748693987727165, 0.3112187087535858, 0.2481173723936081, 0.14894932508468628, 0.2595103681087494, 0.34765398502349854, 0.013348146341741085, 0.018271394073963165, 0.0210573747754097, 0.011229296214878559, 0.03201684355735779, 0.4012376070022583, 0.03468209505081177, 0.20451423525810242, 0.29100191593170166]
PGI:	[0.034454669803380966, 3.2026197004597634e-05, 0.0030245885718613863, 2.192699867009651e-06, 4.153138434048742e-06, 1.82378892077395e-06, 0.33028000593185425, 0.00012746940774377435, 0.047723330557346344, 1.84100872502313e-06, 0.3176121711730957, 0.16173012554645538, 0.20108848810195923, 4.803493538929615e-06, 5.172950113774277e-05, 0.11111602932214737, 0.09099747985601425, 0.1301397830247879, 0.26579105854034424, 0.23760215938091278, 0.23473259806632996, 0.02443576604127884, 0.3499167561531067, 0.0010777481365948915, 0.12090317904949188, 0.3793101906776428, 0.02707648277282715, 0.013352804817259312, 0.27035343647003174, 1.517856503596704e-06, 0.007023870944976807, 0.2555336058139801, 0.02486925944685936, 0.1364477276802063, 0.020178062841296196, 0.0009119140449911356]
orig_inds:	[0, 1, 4, 7, 9, 15, 18, 22, 23, 25, 28, 31, 38, 40, 44, 45, 47, 48, 51, 52, 57, 61, 65, 68, 74, 75, 76, 77, 78, 82, 83, 87, 91, 92, 95, 99]
