
FA:	[]
RA:	[]
PGU:	[[1.1640788e-06], [0.00031178218], [0.009457401], [4.223478e-06], [2.1826088e-06], [5.6093824e-05], [0.17984243], [0.21259299], [3.507018e-07], [0.079242185], [0.16133478], [0.042749632], [0.08209973], [0.06908441], [0.0005969437], [0.06126565], [0.08865291], [7.722729e-05], [0.005684271], [0.28981766], [0.25291762], [1.45002e-06], [0.22185966], [0.2482319], [0.012234943], [0.18790089], [0.097790994], [6.8851114e-07], [0.01735432], [0.014177793], [4.914091e-08], [0.018390095], [0.39346847], [0.032232236], [0.0033267057], [0.2982663]]
PGI:	[[0.07262034], [0.17766617], [0.22287095], [0.07114575], [0.08187441], [0.16079874], [0.44106996], [0.0022983334], [0.05795434], [5.8344363e-06], [0.4388379], [0.32153317], [0.31487367], [1.9531744e-05], [0.18640883], [0.3519144], [0.34944126], [0.12983896], [0.25820562], [0.43364844], [0.4284666], [0.05182243], [0.40224114], [0.0010236045], [0.24753301], [0.3775348], [0.34477195], [0.026295789], [0.26506412], [1.2638228e-06], [0.019546095], [0.2580976], [0.21879907], [0.14267652], [0.2071986], [0.0037259373]]
orig_inds:	[0, 1, 4, 7, 9, 15, 18, 22, 23, 25, 28, 31, 38, 40, 44, 45, 47, 48, 51, 52, 57, 61, 65, 68, 74, 75, 76, 77, 78, 82, 83, 87, 91, 92, 95, 99]
