
FA:	[]
RA:	[]
PGU:	[[7.7568175e-06], [0.19795392], [0.21809827], [0.06300202], [6.4455567e-06], [0.16400653], [0.30374828], [0.1999899], [1.2377262e-06], [0.08022698], [0.16269842], [0.0993211], [0.08807635], [0.06944333], [0.17936336], [0.33154702], [0.33587548], [0.0017899597], [0.011566494], [0.44064054], [0.43297637], [3.0304552e-06], [0.21954846], [0.24205169], [0.015430431], [0.25376844], [0.3450854], [6.5059663e-07], [0.016547054], [0.016755657], [1.8174677e-07], [0.020657452], [0.40554845], [0.034581523], [0.18356846], [0.2982986]]
PGI:	[[0.070077054], [0.00045221133], [0.017621813], [6.186342e-06], [0.07427274], [1.9359863e-05], [0.43727133], [0.00024807302], [0.053522088], [1.8151164e-06], [0.42352518], [0.3076267], [0.31451112], [2.1043576e-05], [0.0005462041], [0.17801271], [0.14518777], [0.13136075], [0.26188907], [0.31548592], [0.29503125], [0.051941596], [0.40662134], [0.0011081774], [0.24403243], [0.37307712], [0.1169616], [0.030144703], [0.2702949], [8.105144e-06], [0.01731982], [0.2608501], [0.030094296], [0.13895367], [0.027154664], [0.0034480854]]
orig_inds:	[0, 1, 4, 7, 9, 15, 18, 22, 23, 25, 28, 31, 38, 40, 44, 45, 47, 48, 51, 52, 57, 61, 65, 68, 74, 75, 76, 77, 78, 82, 83, 87, 91, 92, 95, 99]
