
FA:	[]
RA:	[]
PGU:	[[0.086795256], [0.19823366], [0.22616473], [0.06892929], [0.07789928], [0.17255881], [0.43702832], [0.19588129], [0.00014874389], [0.081040055], [0.43006027], [0.32388666], [0.3068034], [0.07067824], [0.17815132], [0.3366661], [0.34866935], [0.0035881], [0.012077591], [0.43750644], [0.4299312], [0.0491048], [0.38895726], [0.2367977], [0.25383168], [0.26372865], [0.35030115], [0.026041241], [0.017291363], [0.020020489], [0.023352617], [0.041607145], [0.40011537], [0.03830053], [0.20466746], [0.29468298]]
PGI:	[[5.2895547e-07], [3.2661028e-05], [0.0006301493], [2.276981e-06], [1.9633173e-06], [1.5807152e-06], [0.21958196], [0.00012002896], [0.044790022], [1.8321872e-06], [0.20420487], [0.0016950361], [0.0915459], [2.2467614e-06], [5.1987285e-05], [0.09775313], [0.084601544], [0.13022771], [0.2739917], [0.24142498], [0.24080488], [1.1985421e-06], [0.29637116], [0.0010733248], [0.006464921], [0.3812058], [0.026190424], [3.673196e-07], [0.26267186], [9.729415e-08], [7.425533e-08], [0.24997614], [0.024749925], [0.13152643], [0.018587729], [0.00026863985]]
orig_inds:	[0, 1, 4, 7, 9, 15, 18, 22, 23, 25, 28, 31, 38, 40, 44, 45, 47, 48, 51, 52, 57, 61, 65, 68, 74, 75, 76, 77, 78, 82, 83, 87, 91, 92, 95, 99]
