
FA:	[]
RA:	[]
PGU:	[[3.5410344e-06], [0.20229991], [0.22186133], [0.06822596], [0.071337216], [0.1685279], [0.30332032], [0.19715326], [8.109868e-06], [0.08292215], [0.23200728], [0.095825225], [0.09273492], [0.06519422], [0.1947002], [0.33002147], [0.34476134], [0.0021981776], [0.0134450635], [0.44035006], [0.43836376], [3.834444e-06], [0.23018938], [0.23970877], [0.04800642], [0.2558701], [0.34685045], [2.2418678e-06], [0.019391788], [0.02065875], [2.7582607e-07], [0.022823283], [0.39970878], [0.02834889], [0.1967081], [0.30055663]]
PGI:	[[0.06922641], [3.174482e-05], [0.0054617156], [2.2286893e-06], [7.095867e-06], [2.0310401e-06], [0.44330636], [0.00013161376], [0.042595074], [1.8495679e-06], [0.43474862], [0.32201186], [0.31248105], [6.927204e-06], [5.1586372e-05], [0.12132069], [0.09295808], [0.13048443], [0.262106], [0.23305495], [0.23051392], [0.048860252], [0.40119553], [0.0011122565], [0.23243615], [0.38090593], [0.027675482], [0.028027505], [0.25863767], [9.924682e-07], [0.01582133], [0.25678912], [0.025374707], [0.14433093], [0.02155793], [0.0015890962]]
orig_inds:	[0, 1, 4, 7, 9, 15, 18, 22, 23, 25, 28, 31, 38, 40, 44, 45, 47, 48, 51, 52, 57, 61, 65, 68, 74, 75, 76, 77, 78, 82, 83, 87, 91, 92, 95, 99]
