
FA:	[]
RA:	[]
PGU:	[0.00985164375902059, 0.12438198438030668, 0.142672018148005, 0.04206271118891891, 0.028151294498798052, 0.10629141327808611, 0.28766240179538727, 0.20381589233875275, 1.4059778493447084e-05, 0.07918830029666424, 0.21423014625906944, 0.10695795342326164, 0.11315288208425045, 0.06715275906026363, 0.11722308173193596, 0.23619872517883778, 0.24905549734830856, 0.001152996466771583, 0.011225697584450245, 0.388898603618145, 0.36514613777399063, 0.006118756552808691, 0.2453083172440529, 0.24472439289093018, 0.05177251901477575, 0.23240885511040688, 0.2555805705487728, 0.003330185656253093, 0.017387861851602793, 0.019141032826155424, 0.00317405392528336, 0.02343162428587675, 0.40243057161569595, 0.030336035881191492, 0.1288678046548739, 0.296203576028347]
PGI:	[0.06505541130900383, 0.06875467088229925, 0.08825207105837762, 0.02670743002522613, 0.04861655922832142, 0.06299874115595117, 0.4114428386092186, 0.00043009189175791107, 0.05094881448894739, 2.4151764819180244e-06, 0.40289556235074997, 0.27666356042027473, 0.2869236543774605, 1.385761788696982e-05, 0.06567522403747716, 0.21955330297350883, 0.20372197777032852, 0.13238463178277016, 0.2621666416525841, 0.32968663424253464, 0.3197118863463402, 0.04381987312808633, 0.3883698955178261, 0.0010418087767902762, 0.21658460423350334, 0.3810262158513069, 0.17057719267904758, 0.022124934010207653, 0.2655123546719551, 1.128465214605967e-05, 0.015893286326900125, 0.2615625113248825, 0.09017474576830864, 0.13932624459266663, 0.09255715878680348, 0.0026034377369796857]
orig_inds:	[0, 1, 4, 7, 9, 15, 18, 22, 23, 25, 28, 31, 38, 40, 44, 45, 47, 48, 51, 52, 57, 61, 65, 68, 74, 75, 76, 77, 78, 82, 83, 87, 91, 92, 95, 99]
