
FA:	[]
RA:	[]
PGU:	[[1.3405979e-06], [0.0006901639], [0.011043932], [5.3353606e-06], [2.285874e-06], [9.311121e-05], [0.22944374], [0.20282218], [3.7612915e-07], [0.082826324], [0.15254653], [0.050446335], [0.08095948], [0.06921396], [0.00090825226], [0.08984738], [0.09867857], [7.6303804e-05], [0.012332648], [0.30237392], [0.25976336], [1.4163733e-06], [0.21654485], [0.2378938], [0.01315004], [0.19064228], [0.113925174], [6.446004e-07], [0.018294849], [0.016273165], [1.6780122e-07], [0.018595815], [0.39766362], [0.029291961], [0.0052306866], [0.2990029]]
PGI:	[[0.07596759], [0.18385434], [0.22035302], [0.07120093], [0.07728704], [0.16071494], [0.44411337], [0.0002711988], [0.05714492], [1.9961358e-06], [0.43536445], [0.31915984], [0.31461284], [1.629125e-05], [0.17942159], [0.34657216], [0.3490817], [0.13043952], [0.26275176], [0.42935348], [0.43173516], [0.048942607], [0.40283135], [0.0010824729], [0.24924527], [0.38143143], [0.3354728], [0.026877213], [0.2662727], [3.00243e-06], [0.020636164], [0.25543338], [0.17982516], [0.14062655], [0.20953365], [0.0035370088]]
orig_inds:	[0, 1, 4, 7, 9, 15, 18, 22, 23, 25, 28, 31, 38, 40, 44, 45, 47, 48, 51, 52, 57, 61, 65, 68, 74, 75, 76, 77, 78, 82, 83, 87, 91, 92, 95, 99]
