
FA:	[]
RA:	[]
PGU:	[[0.081044875], [0.19396564], [0.22856994], [0.06814861], [0.07810196], [0.16966525], [0.43766192], [0.19550563], [5.036e-05], [0.08293144], [0.43120107], [0.31335947], [0.30696598], [0.07238437], [0.18670197], [0.3418023], [0.3488782], [0.00360515], [0.01310562], [0.43962553], [0.4336111], [0.04951576], [0.3911188], [0.23546651], [0.24389209], [0.2616725], [0.34650567], [0.028987741], [0.018385602], [0.023336662], [0.023536714], [0.042996086], [0.40467182], [0.034688048], [0.20029406], [0.29629117]]
PGI:	[[5.3111313e-07], [3.241908e-05], [0.0007805246], [2.3809314e-06], [1.9449353e-06], [1.5866041e-06], [0.22216399], [0.00013019996], [0.04449139], [1.8374204e-06], [0.20242614], [0.0016922415], [0.09616195], [2.3333312e-06], [5.20414e-05], [0.09861251], [0.08474666], [0.12867758], [0.26698175], [0.23955916], [0.240448], [1.2180686e-06], [0.29999298], [0.0011426428], [0.007317935], [0.38066503], [0.026241645], [3.6308765e-07], [0.26013887], [2.40465e-07], [1.4611666e-06], [0.24326487], [0.024403905], [0.13096078], [0.020070828], [0.0002679277]]
orig_inds:	[0, 1, 4, 7, 9, 15, 18, 22, 23, 25, 28, 31, 38, 40, 44, 45, 47, 48, 51, 52, 57, 61, 65, 68, 74, 75, 76, 77, 78, 82, 83, 87, 91, 92, 95, 99]
