
FA:	[[1.0], [1.0], [1.0], [1.0], [1.0], [1.0], [1.0], [1.0], [1.0], [1.0], [1.0], [1.0], [1.0], [1.0], [1.0], [1.0], [1.0], [1.0], [1.0], [1.0], [1.0], [1.0], [1.0], [1.0], [1.0], [1.0], [1.0], [1.0], [1.0], [1.0], [1.0], [1.0], [1.0], [1.0], [1.0], [1.0], [1.0], [1.0], [1.0], [1.0], [1.0], [1.0], [1.0], [1.0], [1.0], [1.0], [1.0], [1.0], [1.0], [1.0], [1.0], [1.0], [1.0], [1.0], [1.0], [1.0], [1.0], [1.0], [1.0], [1.0], [1.0], [1.0], [1.0], [1.0], [1.0], [1.0], [1.0], [1.0], [1.0], [1.0], [1.0], [1.0], [1.0], [1.0], [1.0], [1.0], [1.0], [1.0], [1.0], [1.0], [1.0], [1.0], [1.0], [1.0]]
RA:	[[1.0], [1.0], [0.5], [1.0], [1.0], [0.5], [0.5], [0.5], [1.0], [1.0], [0.5], [0.5], [0.25], [1.0], [0.5], [1.0], [0.5], [1.0], [0.5], [0.5], [1.0], [0.5], [1.0], [0.5], [1.0], [0.5], [0.5], [0.5], [0.5], [1.0], [0.5], [0.5], [0.5], [1.0], [0.5], [0.25], [1.0], [0.5], [0.5], [0.5], [0.5], [1.0], [1.0], [0.5], [1.0], [1.0], [0.5], [1.0], [1.0], [0.5], [0.5], [0.5], [1.0], [0.5], [0.5], [0.5], [1.0], [0.5], [1.0], [0.5], [1.0], [0.5], [0.5], [0.25], [1.0], [1.0], [0.5], [1.0], [1.0], [0.5], [1.0], [0.5], [0.5], [1.0], [1.0], [0.5], [0.25], [1.0], [1.0], [0.5], [0.5], [1.0], [0.5], [1.0]]
PGU:	[[0.0], [0.0], [0.0], [0.0], [0.0], [0.0], [0.0], [0.0], [0.0], [0.0], [0.0], [5.9604645e-08], [0.0], [0.0], [0.0], [0.0], [0.0], [0.0], [0.0], [0.0], [0.0], [0.0], [0.0], [0.0], [0.0], [0.0], [0.0], [0.0], [0.0], [0.0], [0.0], [0.0], [0.0], [0.0], [0.0], [0.0], [0.0], [0.0], [0.0], [0.0], [0.0], [0.0], [0.0], [0.0], [0.0], [0.0], [0.0], [0.0], [0.0], [0.0], [0.0], [0.0], [0.0], [0.0], [0.0], [0.0], [2.9802322e-08], [0.0], [0.0], [0.0], [0.0], [0.0], [0.0], [0.0], [0.0], [0.0], [0.0], [0.0], [0.0], [0.0], [0.0], [0.0], [0.0], [0.0], [0.0], [0.0], [0.0], [0.0], [0.0], [0.0], [2.9802322e-08], [0.0], [0.0], [0.0]]
PGI:	[[0.042309534], [0.042514134], [0.0467799], [0.043499876], [0.04037483], [0.04683847], [0.040007744], [0.047806952], [0.047251347], [0.037261605], [0.037108883], [0.043980107], [0.03324578], [0.045934144], [0.04660462], [0.045686442], [0.04551996], [0.04679491], [0.032390464], [0.046883054], [0.035729814], [0.048039854], [0.047711965], [0.047358148], [0.03701957], [0.041196156], [0.043895986], [0.037123233], [0.047860194], [0.038825065], [0.04801292], [0.04317249], [0.042213567], [0.047700502], [0.044239793], [0.040803812], [0.04842913], [0.04758872], [0.047932036], [0.03947447], [0.044630498], [0.03947826], [0.047014665], [0.046078835], [0.040089753], [0.047622893], [0.039341923], [0.03418786], [0.047521114], [0.047119197], [0.044296943], [0.042524848], [0.034652773], [0.048116703], [0.047173977], [0.044036206], [0.04053461], [0.04776257], [0.04813576], [0.048158225], [0.04707443], [0.04697572], [0.032780472], [0.047523476], [0.047113605], [0.04777512], [0.034533143], [0.036878236], [0.046823975], [0.04801378], [0.044824593], [0.039172627], [0.046357334], [0.04689015], [0.048072755], [0.047009747], [0.03914659], [0.044508897], [0.04159756], [0.04732399], [0.046162914], [0.043951087], [0.047923815], [0.035493165]]
orig_inds:	[0, 1, 2, 3, 4, 5, 6, 7, 8, 11, 13, 14, 15, 16, 17, 19, 21, 22, 23, 25, 26, 28, 30, 31, 32, 33, 34, 35, 36, 37, 38, 40, 41, 42, 43, 44, 45, 46, 48, 49, 50, 51, 53, 54, 55, 56, 57, 58, 59, 60, 61, 63, 64, 65, 68, 69, 70, 71, 72, 73, 74, 75, 76, 77, 78, 79, 80, 81, 82, 84, 85, 86, 87, 88, 89, 90, 91, 92, 93, 94, 95, 96, 98, 99]
