
FA:	[[1.0], [1.0], [1.0], [1.0], [1.0], [1.0], [1.0], [1.0], [1.0], [1.0], [1.0], [1.0], [1.0], [1.0], [1.0], [1.0], [1.0], [1.0], [1.0], [1.0], [1.0], [1.0], [1.0], [1.0], [1.0], [1.0], [1.0], [1.0], [1.0], [1.0], [1.0], [1.0], [1.0], [1.0], [1.0], [1.0], [1.0], [1.0], [1.0], [1.0], [1.0], [1.0], [1.0], [1.0], [1.0], [1.0], [1.0], [1.0], [1.0], [1.0], [1.0], [1.0], [1.0], [1.0], [1.0], [1.0], [1.0], [1.0], [1.0], [1.0], [1.0], [1.0], [1.0], [1.0], [1.0], [1.0], [1.0], [1.0], [1.0], [1.0], [1.0], [1.0], [1.0], [1.0], [1.0], [1.0], [1.0], [1.0], [1.0], [1.0], [1.0], [1.0], [1.0], [1.0]]
RA:	[[1.0], [0.5], [0.5], [0.5], [0.5], [0.5], [1.0], [0.5], [0.5], [1.0], [0.5], [0.5], [0.5], [1.0], [1.0], [0.5], [1.0], [0.5], [1.0], [1.0], [1.0], [0.5], [0.5], [1.0], [0.5], [1.0], [0.5], [1.0], [1.0], [0.5], [0.5], [1.0], [1.0], [1.0], [0.5], [0.5], [0.5], [0.5], [1.0], [1.0], [0.5], [1.0], [0.5], [0.5], [0.5], [0.5], [0.5], [0.5], [0.5], [1.0], [1.0], [0.5], [1.0], [0.5], [0.5], [1.0], [1.0], [0.5], [0.5], [0.5], [0.5], [0.5], [0.5], [0.5], [0.5], [0.5], [1.0], [0.5], [0.5], [0.5], [0.5], [0.5], [0.5], [1.0], [0.5], [0.5], [0.5], [1.0], [0.5], [1.0], [0.5], [0.5], [1.0], [1.0]]
PGU:	[[0.0], [0.0], [0.0], [0.0], [0.0], [0.0], [0.0], [0.0], [0.0], [0.0], [0.0], [5.9604645e-08], [0.0], [0.0], [0.0], [0.0], [0.0], [0.0], [0.0], [0.0], [0.0], [0.0], [0.0], [0.0], [0.0], [0.0], [0.0], [0.0], [0.0], [0.0], [0.0], [0.0], [0.0], [0.0], [0.0], [0.0], [0.0], [0.0], [0.0], [0.0], [0.0], [0.0], [0.0], [0.0], [0.0], [0.0], [0.0], [0.0], [0.0], [0.0], [0.0], [0.0], [0.0], [0.0], [0.0], [0.0], [2.9802322e-08], [0.0], [0.0], [0.0], [0.0], [0.0], [0.0], [0.0], [0.0], [0.0], [0.0], [0.0], [0.0], [0.0], [0.0], [0.0], [0.0], [0.0], [0.0], [0.0], [0.0], [0.0], [0.0], [0.0], [2.9802322e-08], [0.0], [0.0], [0.0]]
PGI:	[[0.04280074], [0.042253114], [0.04692443], [0.04385927], [0.04059465], [0.04755775], [0.040227283], [0.047445763], [0.047478538], [0.037684135], [0.037342455], [0.04435091], [0.03346623], [0.046136443], [0.047055125], [0.044227652], [0.04550268], [0.04732916], [0.032326326], [0.047116164], [0.035403997], [0.048035603], [0.04755234], [0.047927726], [0.037304677], [0.041698433], [0.044059392], [0.037846126], [0.046873353], [0.038893964], [0.04799015], [0.043346077], [0.042240515], [0.04695203], [0.043215185], [0.041601133], [0.047547936], [0.047914438], [0.048082124], [0.03925664], [0.044612918], [0.03879249], [0.04724109], [0.04532712], [0.0400255], [0.047900893], [0.039610162], [0.034545254], [0.04706251], [0.046630986], [0.04415293], [0.042538308], [0.034465086], [0.048047896], [0.046733294], [0.043483015], [0.03990644], [0.047694355], [0.047900867], [0.048300054], [0.046750847], [0.046582818], [0.032294393], [0.047788847], [0.048056856], [0.047570013], [0.035264544], [0.03672977], [0.047135934], [0.048016343], [0.04420278], [0.03948822], [0.046263576], [0.047068417], [0.047760606], [0.04783522], [0.0391498], [0.04475439], [0.041634552], [0.047547475], [0.04751613], [0.044588186], [0.04810385], [0.035549108]]
orig_inds:	[0, 1, 2, 3, 4, 5, 6, 7, 8, 11, 13, 14, 15, 16, 17, 19, 21, 22, 23, 25, 26, 28, 30, 31, 32, 33, 34, 35, 36, 37, 38, 40, 41, 42, 43, 44, 45, 46, 48, 49, 50, 51, 53, 54, 55, 56, 57, 58, 59, 60, 61, 63, 64, 65, 68, 69, 70, 71, 72, 73, 74, 75, 76, 77, 78, 79, 80, 81, 82, 84, 85, 86, 87, 88, 89, 90, 91, 92, 93, 94, 95, 96, 98, 99]
