
FA:	[[0.5], [0.0], [0.5], [0.0], [0.5], [0.0], [0.5], [0.5], [1.0], [0.5], [0.5], [0.5], [0.0], [0.5], [0.0], [0.0], [0.0], [0.5], [1.0], [0.5], [1.0], [0.5], [1.0], [0.5], [0.5], [0.5], [0.5], [0.5], [0.5], [1.0], [0.5], [1.0], [0.5], [0.5], [0.0], [0.5], [0.5], [0.0], [0.0], [0.0], [0.0], [1.0], [0.0], [0.0], [0.0], [0.5], [0.5], [0.0], [0.5], [1.0], [0.0], [0.0], [1.0], [0.5], [0.0], [0.0], [0.5], [1.0], [0.0], [0.0], [1.0], [0.5], [0.0], [0.0], [0.0], [0.5], [1.0], [0.0], [0.5], [0.0], [0.0], [1.0], [0.0], [0.5], [0.5], [0.5], [0.5], [0.0], [0.0], [0.5], [0.0]]
RA:	[[0.5], [0.0], [0.5], [0.0], [0.5], [0.0], [0.5], [0.5], [0.0], [0.0], [0.5], [0.5], [0.0], [0.5], [0.0], [0.0], [0.0], [0.5], [0.0], [0.5], [1.0], [0.5], [0.0], [0.0], [0.0], [0.5], [0.5], [0.0], [0.5], [0.0], [0.0], [0.0], [0.5], [0.5], [0.0], [0.0], [0.5], [0.0], [0.0], [0.0], [0.0], [1.0], [0.0], [0.0], [0.0], [0.0], [0.0], [0.0], [0.0], [0.0], [0.0], [0.0], [0.0], [0.5], [0.0], [0.0], [0.5], [0.0], [0.0], [0.0], [0.0], [0.5], [0.0], [0.0], [0.0], [0.5], [0.0], [0.0], [0.5], [0.0], [0.0], [0.0], [0.0], [0.0], [0.0], [0.5], [0.0], [0.0], [0.0], [0.5], [0.0]]
PGU:	[[0.05684114], [0.3380757], [0.016103094], [0.24702388], [0.049305364], [0.104454346], [0.33859706], [0.016675534], [0.059747566], [0.23481977], [0.011816346], [0.01676325], [0.2165981], [0.18177025], [0.31248885], [0.2942938], [0.17509572], [0.029507114], [0.024105303], [0.007052575], [0.1710681], [0.084628455], [0.02824574], [0.11076099], [0.07979837], [0.059797857], [0.033193946], [0.01350213], [0.012150521], [0.16912612], [0.010670773], [0.025434094], [0.13171144], [0.02124893], [0.28446168], [0.28477734], [0.03252049], [0.054054067], [0.3289623], [0.3022006], [0.3441904], [0.13872188], [0.30372107], [0.13239275], [0.33478066], [0.010986967], [0.039923627], [0.053887878], [0.27612975], [0.074312806], [0.3015242], [0.3099394], [0.05952403], [0.012567964], [0.2928196], [0.20774768], [0.060544875], [0.16859263], [0.16341938], [0.29614314], [0.055564612], [0.18985657], [0.15520172], [0.32386968], [0.29397824], [0.023578156], [0.004434582], [0.065370396], [3.624084e-05], [0.14066885], [0.27527064], [0.13496903], [0.28973588], [0.11078458], [0.28983784], [1.2727976e-07], [0.038674966], [0.32714903], [0.0924404], [0.22305922], [0.099876106]]
PGI:	[[0.17734161], [0.1261136], [0.090462945], [0.05738758], [0.1786924], [0.0042345733], [0.13811499], [0.09369609], [0.20849188], [0.067454495], [0.08353459], [0.09803658], [0.022170462], [0.037951965], [0.10231373], [0.034500055], [0.00750848], [0.12895711], [0.14377287], [0.05814808], [0.3356356], [0.21293144], [0.14997666], [0.2774601], [0.21953037], [0.18614617], [0.13441369], [0.09294826], [0.08529205], [0.3344668], [0.07364721], [0.1430584], [0.014260614], [0.1058681], [0.033414315], [0.11434989], [0.14340146], [0.001117783], [0.0461758], [0.05022391], [0.115071826], [0.30828932], [0.033439744], [0.009932926], [0.119691744], [0.085951336], [0.1548661], [0.0009281834], [0.07714028], [0.23062693], [0.080682665], [0.09149658], [0.21678711], [0.08328606], [0.07715391], [0.03039622], [0.19137074], [0.33537263], [0.008915853], [0.087441586], [0.20611353], [0.035223115], [0.016055046], [0.04221318], [0.09750989], [0.114737466], [0.05816444], [0.0011622508], [0.0012123609], [0.00719041], [0.06357302], [0.30717584], [0.08673277], [0.24747667], [0.0920992], [5.492747e-06], [0.14861782], [0.09504384], [0.0036117702], [0.061283715], [0.0069804476]]
orig_inds:	[0, 1, 3, 4, 5, 6, 8, 9, 10, 11, 12, 13, 14, 15, 16, 17, 18, 19, 20, 21, 22, 23, 24, 25, 26, 28, 29, 30, 31, 32, 33, 36, 37, 38, 39, 40, 42, 43, 44, 45, 46, 47, 50, 51, 52, 53, 54, 55, 56, 57, 59, 60, 61, 62, 63, 64, 66, 67, 70, 71, 72, 73, 74, 75, 76, 78, 79, 80, 81, 82, 83, 84, 85, 86, 87, 92, 94, 95, 96, 97, 99]
