
FA:	[[1.0], [0.0], [1.0], [0.0], [1.0], [0.0], [0.0], [1.0], [0.0], [0.0], [1.0], [1.0], [0.0], [0.0], [0.0], [0.0], [0.0], [1.0], [0.0], [1.0], [1.0], [1.0], [0.0], [0.0], [0.0], [1.0], [1.0], [0.0], [1.0], [0.0], [0.0], [0.0], [0.0], [1.0], [0.0], [0.0], [1.0], [0.0], [0.0], [0.0], [0.0], [1.0], [0.0], [0.0], [0.0], [0.0], [0.0], [0.0], [0.0], [0.0], [0.0], [0.0], [0.0], [1.0], [0.0], [0.0], [1.0], [0.0], [0.0], [0.0], [0.0], [0.0], [0.0], [0.0], [0.0], [1.0], [0.0], [0.0], [1.0], [0.0], [0.0], [0.0], [0.0], [0.0], [0.0], [1.0], [0.0], [0.0], [0.0], [0.0], [0.0]]
RA:	[[1.0], [0.0], [1.0], [0.0], [1.0], [0.0], [0.0], [1.0], [0.0], [0.0], [1.0], [1.0], [0.0], [0.0], [0.0], [0.0], [0.0], [1.0], [0.0], [1.0], [1.0], [1.0], [0.0], [0.0], [0.0], [1.0], [1.0], [0.0], [1.0], [0.0], [0.0], [0.0], [0.0], [1.0], [0.0], [0.0], [1.0], [0.0], [0.0], [0.0], [0.0], [1.0], [0.0], [0.0], [0.0], [0.0], [0.0], [0.0], [0.0], [0.0], [0.0], [0.0], [0.0], [1.0], [0.0], [0.0], [1.0], [0.0], [0.0], [0.0], [0.0], [0.0], [0.0], [0.0], [0.0], [1.0], [0.0], [0.0], [1.0], [0.0], [0.0], [0.0], [0.0], [0.0], [0.0], [1.0], [0.0], [0.0], [0.0], [0.0], [0.0]]
PGU:	[[0.057806123], [0.339139], [0.016738087], [0.2507241], [0.053631715], [0.105169505], [0.34010687], [0.016617745], [0.21897304], [0.23400305], [0.012666381], [0.017360946], [0.21589416], [0.1829301], [0.31322137], [0.28870904], [0.17787184], [0.029986743], [0.14415939], [0.007308433], [0.19942957], [0.084703304], [0.15708192], [0.28026372], [0.22665639], [0.063005485], [0.032680877], [0.09852275], [0.012776716], [0.33949625], [0.088102646], [0.15166448], [0.13501771], [0.021372672], [0.29208773], [0.29465985], [0.037180174], [0.05467338], [0.33088988], [0.3044891], [0.3418287], [0.16594371], [0.30910516], [0.13315175], [0.3413515], [0.092951626], [0.16845289], [0.05749958], [0.27950305], [0.23743638], [0.30567586], [0.31553587], [0.21479246], [0.012866884], [0.29852158], [0.21148975], [0.0634476], [0.33923793], [0.1657946], [0.30051294], [0.21540503], [0.19445163], [0.15413603], [0.32403746], [0.29644015], [0.023797307], [0.06250344], [0.06248325], [3.5741134e-05], [0.14399058], [0.28018963], [0.3112424], [0.29257044], [0.2593173], [0.29482105], [1.3643503e-07], [0.15819694], [0.33546382], [0.09488553], [0.22582476], [0.10105736]]
PGI:	[[0.17470367], [0.057755943], [0.093603626], [0.027475167], [0.17225902], [0.0025641562], [0.050416954], [0.09325526], [0.04108172], [0.04958148], [0.07917264], [0.0954312], [0.012736914], [0.022346467], [0.052529108], [0.033893418], [0.0005124792], [0.12986901], [0.016100846], [0.059026025], [0.32938343], [0.21883054], [0.018580947], [0.06515522], [0.021348404], [0.18472172], [0.13325794], [0.0030039405], [0.08162578], [0.12906939], [0.00024302005], [0.016775606], [0.0041691787], [0.10709582], [0.03328767], [0.08716477], [0.14568783], [0.0006441034], [0.045202404], [0.03898527], [0.008463338], [0.3008116], [0.03278088], [0.010161823], [0.04915635], [0.005090754], [0.0067217476], [0.0009165], [0.07807795], [0.052012067], [0.0056898366], [0.09019232], [0.041698024], [0.081586875], [0.0053517725], [0.030719211], [0.19243227], [0.13152996], [0.009004464], [0.03858937], [0.038904294], [0.013889763], [0.0064220773], [0.041844066], [0.061878998], [0.11317457], [0.0028564483], [0.00083980855], [0.0011941841], [0.005339596], [0.064261965], [0.10158165], [0.042475928], [0.0034853078], [0.08587727], [5.844629e-06], [0.005656741], [0.045651007], [0.0002897542], [0.036700964], [0.0057769436]]
orig_inds:	[0, 1, 3, 4, 5, 6, 8, 9, 10, 11, 12, 13, 14, 15, 16, 17, 18, 19, 20, 21, 22, 23, 24, 25, 26, 28, 29, 30, 31, 32, 33, 36, 37, 38, 39, 40, 42, 43, 44, 45, 46, 47, 50, 51, 52, 53, 54, 55, 56, 57, 59, 60, 61, 62, 63, 64, 66, 67, 70, 71, 72, 73, 74, 75, 76, 78, 79, 80, 81, 82, 83, 84, 85, 86, 87, 92, 94, 95, 96, 97, 99]
