
FA:	[[0.75], [0.75], [0.5], [0.5], [0.75], [0.25], [0.5], [0.25], [0.5], [0.75], [0.25], [0.5], [0.25], [0.75], [0.75], [0.5], [0.5], [0.75], [1.0], [0.5], [0.5], [0.75], [0.75], [0.5], [0.5], [0.5], [0.5], [0.5], [0.5], [0.5], [0.5], [0.75], [0.5], [0.25], [0.25], [1.0], [0.5], [0.5], [0.25], [0.25], [0.25], [0.75], [0.5], [0.75], [0.5], [0.75], [0.5], [0.5], [0.5], [0.5], [0.25], [0.75], [0.75], [0.25], [0.75], [0.5], [0.75], [0.5], [0.5], [0.75], [0.75], [0.5], [0.5], [0.25], [0.75], [0.25], [0.75], [0.25], [0.5], [0.5], [0.75], [0.75], [0.5], [0.5], [0.5], [0.75], [0.5], [0.25], [0.75], [0.75], [0.25]]
RA:	[[0.75], [0.25], [0.5], [0.0], [0.5], [0.0], [0.25], [0.25], [0.0], [0.0], [0.25], [0.25], [0.25], [0.25], [0.0], [0.25], [0.0], [0.5], [0.5], [0.25], [0.5], [0.5], [0.25], [0.0], [0.0], [0.25], [0.5], [0.0], [0.25], [0.0], [0.0], [0.25], [0.25], [0.25], [0.0], [0.0], [0.25], [0.0], [0.25], [0.0], [0.0], [0.75], [0.0], [0.0], [0.0], [0.0], [0.0], [0.0], [0.0], [0.0], [0.0], [0.25], [0.0], [0.25], [0.0], [0.0], [0.25], [0.0], [0.0], [0.0], [0.0], [0.25], [0.0], [0.0], [0.0], [0.25], [0.0], [0.0], [0.5], [0.0], [0.0], [0.25], [0.0], [0.0], [0.0], [0.25], [0.0], [0.0], [0.0], [0.25], [0.0]]
PGU:	[[0.03931778], [0.15354311], [0.01262135], [0.08299368], [0.024583342], [0.09670703], [0.15326667], [0.014106401], [0.05688557], [0.053474016], [0.011253828], [0.013287485], [0.20811673], [0.028740397], [0.09854143], [0.28266686], [0.1658379], [0.014160654], [0.012482148], [0.0056362175], [0.15652405], [0.049980137], [0.018200312], [0.10233864], [0.06513167], [0.051078055], [0.0260018], [0.009348803], [0.009862841], [0.16216272], [0.007444066], [0.01829887], [0.018707018], [0.019315856], [0.28419554], [0.069868654], [0.030255567], [0.0027015728], [0.3247383], [0.29984397], [0.3389753], [0.100503385], [0.12549143], [0.01321349], [0.3312592], [0.006861371], [0.034455925], [0.0030036594], [0.27790663], [0.07043754], [0.29727885], [0.13367088], [0.047183767], [0.011340332], [0.096005216], [0.05727507], [0.0336419], [0.16279373], [0.027813984], [0.09003832], [0.042731073], [0.18897405], [0.14555004], [0.17292649], [0.115567334], [0.022333398], [0.0031181783], [0.062707596], [2.5341647e-05], [0.01941346], [0.07967813], [0.10176274], [0.118949905], [0.09661671], [0.10928266], [5.863905e-08], [0.025922399], [0.3285063], [0.0071989424], [0.046663333], [0.100128576]]
PGI:	[[0.18694709], [0.3380375], [0.09750641], [0.24540786], [0.1792762], [0.00841104], [0.33491212], [0.09492251], [0.21699129], [0.23220864], [0.081927896], [0.09967387], [0.040062856], [0.18085685], [0.31135032], [0.114458606], [0.027667005], [0.13697875], [0.14690363], [0.062197346], [0.33585125], [0.23449531], [0.15896764], [0.2741168], [0.22469424], [0.18962602], [0.1364387], [0.096955225], [0.084605366], [0.33786893], [0.07910655], [0.14501777], [0.1282379], [0.11172899], [0.088673554], [0.2920544], [0.14659521], [0.050667096], [0.11223379], [0.095552236], [0.13176858], [0.31084213], [0.2992907], [0.12586467], [0.16544966], [0.093341395], [0.15486734], [0.0499095], [0.107818104], [0.23191333], [0.094694234], [0.30703744], [0.21558917], [0.085587755], [0.29351407], [0.20014377], [0.19576447], [0.33547854], [0.15741386], [0.29783437], [0.21004726], [0.046733692], [0.02645666], [0.3105687], [0.29106843], [0.11718666], [0.060978327], [0.002612463], [0.0013774461], [0.13379791], [0.27688995], [0.31184855], [0.28466696], [0.24855691], [0.28514817], [1.3456512e-05], [0.15230961], [0.106652096], [0.08631333], [0.22065906], [0.007441351]]
orig_inds:	[0, 1, 3, 4, 5, 6, 8, 9, 10, 11, 12, 13, 14, 15, 16, 17, 18, 19, 20, 21, 22, 23, 24, 25, 26, 28, 29, 30, 31, 32, 33, 36, 37, 38, 39, 40, 42, 43, 44, 45, 46, 47, 50, 51, 52, 53, 54, 55, 56, 57, 59, 60, 61, 62, 63, 64, 66, 67, 70, 71, 72, 73, 74, 75, 76, 78, 79, 80, 81, 82, 83, 84, 85, 86, 87, 92, 94, 95, 96, 97, 99]
