
FA:	[[0.6], [0.6], [0.6], [0.8], [0.8], [0.4], [0.8], [0.4], [0.6], [0.8], [0.6], [0.6], [0.6], [0.8], [0.8], [0.6], [0.6], [0.6], [0.8], [0.6], [0.4], [0.8], [0.8], [0.6], [0.6], [0.6], [0.6], [0.8], [0.6], [0.6], [0.6], [0.8], [0.6], [0.6], [0.4], [1.0], [0.4], [0.8], [0.4], [0.4], [0.6], [0.6], [0.6], [0.6], [0.4], [0.8], [0.4], [0.6], [0.4], [0.6], [0.6], [0.6], [0.6], [0.6], [0.8], [0.6], [0.6], [0.4], [0.6], [0.8], [0.8], [0.6], [0.4], [0.4], [0.6], [0.4], [0.8], [0.4], [0.6], [0.4], [0.6], [0.6], [0.8], [0.6], [0.6], [0.8], [0.6], [0.4], [0.6], [0.6], [0.4]]
RA:	[[0.6], [0.2], [0.4], [0.0], [0.4], [0.0], [0.2], [0.2], [0.2], [0.0], [0.2], [0.4], [0.2], [0.4], [0.0], [0.2], [0.0], [0.4], [0.4], [0.4], [0.4], [0.4], [0.2], [0.0], [0.0], [0.4], [0.4], [0.0], [0.4], [0.0], [0.0], [0.2], [0.2], [0.2], [0.0], [0.2], [0.2], [0.0], [0.2], [0.0], [0.0], [0.6], [0.0], [0.0], [0.0], [0.0], [0.0], [0.0], [0.0], [0.0], [0.0], [0.2], [0.0], [0.2], [0.0], [0.2], [0.2], [0.0], [0.0], [0.0], [0.0], [0.2], [0.0], [0.0], [0.0], [0.2], [0.0], [0.0], [0.6], [0.0], [0.0], [0.2], [0.0], [0.0], [0.0], [0.2], [0.0], [0.0], [0.0], [0.2], [0.0]]
PGU:	[[0.038738947], [0.158283], [0.007998292], [0.07009596], [0.02247895], [0.099657096], [0.13167915], [0.013810707], [0.051587585], [0.039576817], [0.008255771], [0.012403612], [0.20928943], [0.025231391], [0.09818129], [0.2791913], [0.16148709], [0.012984752], [0.012472022], [0.005069533], [0.15666379], [0.036556687], [0.012814625], [0.10267632], [0.06505293], [0.048761275], [0.022120634], [0.006192681], [0.009126163], [0.12799622], [0.0061047673], [0.012835936], [0.012883315], [0.014789516], [0.27664205], [0.05652631], [0.029457662], [0.0016578394], [0.15976219], [0.2976606], [0.336308], [0.1000332], [0.09674469], [0.013240697], [0.3322821], [0.0048051258], [0.034073923], [0.002880925], [0.2725023], [0.05153743], [0.29766333], [0.13206159], [0.043813646], [0.008268422], [0.07282505], [0.054901436], [0.033217594], [0.15838], [0.025880676], [0.06527623], [0.042505834], [0.19013368], [0.14323218], [0.1526434], [0.1143773], [0.018581267], [0.0022405228], [0.056162734], [2.3826457e-05], [0.019482845], [0.07474935], [0.09799449], [0.08219927], [0.078723304], [0.09299864], [3.968477e-08], [0.020868046], [0.3254294], [0.0070971437], [0.046344146], [0.09968221]]
PGI:	[[0.18316722], [0.33570346], [0.102190636], [0.24666536], [0.1837853], [0.008413552], [0.33950922], [0.096430644], [0.21494357], [0.2318542], [0.08802327], [0.09974481], [0.049468383], [0.1807757], [0.3109703], [0.12689254], [0.039415974], [0.13778329], [0.14894384], [0.063210726], [0.33584362], [0.23045346], [0.15479113], [0.27284282], [0.2198854], [0.19186749], [0.13911882], [0.09978196], [0.08600608], [0.33606502], [0.077169284], [0.15024902], [0.13243401], [0.11431505], [0.11444968], [0.29336247], [0.14346164], [0.05379644], [0.32474598], [0.13118431], [0.17576021], [0.31117424], [0.3034508], [0.13006087], [0.16761427], [0.092169605], [0.15715222], [0.047528263], [0.11007041], [0.24240494], [0.11099058], [0.30929634], [0.22077364], [0.086505085], [0.29733336], [0.20253223], [0.20677228], [0.33778995], [0.15896185], [0.30217758], [0.20757934], [0.046434704], [0.028335879], [0.31499636], [0.29115158], [0.11843951], [0.064508], [0.0045584836], [0.0012714193], [0.13606036], [0.27735063], [0.31155446], [0.29123837], [0.2541191], [0.29116273], [7.632631e-06], [0.15680867], [0.15472916], [0.08708985], [0.21954495], [0.0073186723]]
orig_inds:	[0, 1, 3, 4, 5, 6, 8, 9, 10, 11, 12, 13, 14, 15, 16, 17, 18, 19, 20, 21, 22, 23, 24, 25, 26, 28, 29, 30, 31, 32, 33, 36, 37, 38, 39, 40, 42, 43, 44, 45, 46, 47, 50, 51, 52, 53, 54, 55, 56, 57, 59, 60, 61, 62, 63, 64, 66, 67, 70, 71, 72, 73, 74, 75, 76, 78, 79, 80, 81, 82, 83, 84, 85, 86, 87, 92, 94, 95, 96, 97, 99]
