
FA:	[]
RA:	[]
PGU:	[[1.0183508e-05], [0.0031513115], [0.021947231], [5.5125856e-05], [1.4390523e-05], [0.000953876], [0.31915185], [0.20217913], [3.839153e-06], [0.00015898034], [0.28568688], [0.31777146], [0.088580765], [2.8380937e-05], [0.005692764], [0.20243648], [0.16318865], [0.003181841], [0.25210413], [0.34480366], [0.29501095], [7.351047e-06], [0.23137127], [0.008219198], [0.060917646], [0.3841308], [0.15711619], [3.1347333e-06], [0.013168643], [9.665576e-05], [8.350068e-07], [0.023924781], [0.24321385], [0.021202609], [0.016419541], [0.03997009], [5.388439e-07], [0.05285549], [0.31433284], [0.32860106], [0.31607607], [3.4443021e-06], [0.028631326], [0.03823548], [0.052753113], [2.7356542e-05], [0.008412686], [0.0005006199], [0.0009330605], [0.3804856], [9.625557e-05], [0.0020873398], [0.0015657217], [0.0017800074], [3.5090446e-07], [0.014328629], [0.00040350715], [3.333849e-05], [0.016201071], [0.011173501], [0.03517977], [0.00037034033], [0.0021597205], [0.08158191], [0.0809809], [0.00023808966], [0.04237542], [0.006347623], [0.3392303], [0.04107797], [0.19973584], [0.03762496], [0.4026875], [0.33881432], [0.16153546], [0.28139347], [0.3262303], [0.24962443], [0.18006785], [0.0002736496]]
PGI:	[[0.07889441], [0.17582403], [0.20864993], [0.06392952], [0.078869805], [0.16327286], [0.43605235], [0.00027540125], [0.05314475], [0.06997761], [0.43149352], [0.012562147], [0.31751367], [0.0692261], [0.18361938], [0.31323963], [0.34797135], [0.13024886], [0.00057231676], [0.4381296], [0.44302666], [0.04526821], [0.39500764], [0.26207155], [0.2286166], [0.17070888], [0.3431687], [0.021807253], [0.2478324], [0.013468965], [0.014290541], [0.26708603], [0.38966334], [0.14593853], [0.1987344], [0.30145445], [0.03136113], [0.27285737], [0.017497132], [0.40865], [0.392391], [0.041278847], [0.23370273], [0.2674114], [1.900196e-07], [0.08678431], [0.21394467], [0.13895808], [0.088416286], [0.4067937], [0.076564126], [0.11161196], [0.16138761], [0.10585961], [0.01181267], [0.22036338], [0.07848418], [0.062033087], [0.22357595], [0.14068995], [0.26375458], [0.056901716], [0.1374956], [0.2639821], [0.31351092], [0.068563744], [0.25504088], [0.121277146], [0.014899562], [0.23428597], [0.38157442], [0.27803463], [0.45924854], [0.004154232], [0.34806237], [0.36885366], [0.42298907], [0.31805307], [0.39634976], [0.11239656]]
orig_inds:	[0, 2, 3, 4, 5, 6, 7, 8, 9, 10, 11, 13, 15, 17, 18, 20, 21, 22, 23, 24, 25, 26, 27, 28, 29, 31, 32, 33, 34, 36, 38, 39, 40, 41, 43, 44, 46, 47, 49, 50, 51, 52, 54, 55, 57, 58, 60, 61, 62, 63, 64, 65, 67, 68, 69, 70, 71, 73, 74, 75, 76, 79, 80, 82, 83, 84, 85, 86, 88, 89, 90, 91, 92, 93, 94, 95, 96, 97, 98, 99]
