
FA:	[]
RA:	[]
PGU:	[[7.86019e-06], [0.004586767], [0.02148967], [9.695671e-05], [3.932724e-05], [0.0009318855], [0.3181681], [0.20357685], [4.8015194e-05], [0.00016932265], [0.2844006], [0.3144906], [0.090627156], [3.3498512e-05], [0.00549862], [0.2063757], [0.1597495], [0.003622055], [0.24998869], [0.34256345], [0.29924357], [1.707865e-05], [0.2323488], [0.011040329], [0.061900176], [0.38877892], [0.34581357], [3.9072215e-06], [0.014598845], [8.820192e-06], [6.846463e-06], [0.025253907], [0.25622034], [0.023593564], [0.014363389], [0.03871653], [9.2787144e-07], [0.08535265], [0.31586397], [0.3298769], [0.41969448], [3.0834497e-06], [0.031732164], [0.038510066], [0.05065394], [9.144722e-05], [0.008059495], [0.00039592647], [0.0009436827], [0.3786956], [0.00016563178], [0.0028409914], [0.0015772377], [0.0027961975], [4.2336583e-07], [0.015018351], [0.00043681482], [4.4769444e-05], [0.015156153], [0.010966131], [0.27160814], [0.00030359937], [0.0026269509], [0.08078214], [0.11489692], [0.0001338349], [0.046736293], [0.006390118], [0.33614424], [0.04356612], [0.1918232], [0.04107328], [0.39890411], [0.35148898], [0.1607191], [0.28473914], [0.32712388], [0.25324255], [0.17784028], [0.0001851759]]
PGI:	[[0.07526253], [0.18533152], [0.21953249], [0.056536194], [0.07308798], [0.16285634], [0.4380783], [5.630861e-05], [0.044542145], [0.0722683], [0.435108], [0.0004642564], [0.31305125], [0.07504082], [0.18747026], [0.3156509], [0.34847814], [0.12758058], [0.00027428108], [0.44496688], [0.44451207], [0.044906233], [0.39768043], [0.264217], [0.22712207], [0.09155203], [0.0074181487], [0.025169168], [0.27154228], [0.016765691], [0.015604631], [0.25373045], [0.38647425], [0.13440397], [0.2006035], [0.30314985], [0.028478809], [0.24625847], [0.0140336715], [0.40596336], [0.062235426], [0.045557637], [0.23147978], [0.26771668], [1.8742084e-07], [0.08287171], [0.2197887], [0.14212821], [0.09173453], [0.41229457], [0.08167009], [0.113486096], [0.1585795], [0.09612206], [0.012237572], [0.22416684], [0.07768177], [0.05761647], [0.22820854], [0.13762751], [0.00010959456], [0.059764028], [0.13442665], [0.26234767], [0.3139617], [0.06640509], [0.2545876], [0.11857211], [0.012161815], [0.22829068], [0.38570634], [0.2822147], [0.46032324], [0.0034418553], [0.34747657], [0.36569938], [0.42023692], [0.31162283], [0.3953196], [0.108373426]]
orig_inds:	[0, 2, 3, 4, 5, 6, 7, 8, 9, 10, 11, 13, 15, 17, 18, 20, 21, 22, 23, 24, 25, 26, 27, 28, 29, 31, 32, 33, 34, 36, 38, 39, 40, 41, 43, 44, 46, 47, 49, 50, 51, 52, 54, 55, 57, 58, 60, 61, 62, 63, 64, 65, 67, 68, 69, 70, 71, 73, 74, 75, 76, 79, 80, 82, 83, 84, 85, 86, 88, 89, 90, 91, 92, 93, 94, 95, 96, 97, 98, 99]
