
FA:	[]
RA:	[]
PGU:	[[0.07869102], [0.19820078], [0.21603186], [5.0344413e-05], [7.406365e-05], [0.16995025], [0.32447663], [0.20192303], [8.731795e-05], [0.00023432758], [0.43094593], [0.31469253], [0.18272966], [0.0736573], [0.17794682], [0.20597796], [0.20992146], [0.13176507], [0.25812843], [0.34817702], [0.30669174], [1.6470503e-05], [0.32571742], [0.011137272], [0.06367423], [0.39352155], [0.341029], [7.603216e-06], [0.25171235], [1.11064455e-05], [1.213359e-06], [0.042604264], [0.25570434], [0.1869823], [0.049020123], [0.2988539], [7.2155417e-06], [0.3103706], [0.3124197], [0.4316041], [0.42032734], [4.2613747e-06], [0.033076767], [0.2716697], [0.054594636], [0.00010806663], [0.21060388], [0.00034291632], [0.0011486628], [0.38215268], [0.00024489017], [0.003030097], [0.0016201307], [0.0027593195], [3.4446717e-07], [0.015061899], [0.0006148706], [0.07226201], [0.015015182], [0.014221485], [0.26270604], [0.00016333963], [0.1445776], [0.08524388], [0.3121594], [0.0001364797], [0.23387747], [0.006350486], [0.33720887], [0.2449595], [0.26814848], [0.040864013], [0.40283406], [0.34066635], [0.1685726], [0.29340228], [0.32272476], [0.2568423], [0.38835], [0.11218783]]
PGI:	[[1.199007e-07], [3.2497133e-05], [0.0065963827], [0.067355685], [0.071097076], [1.3175845e-06], [0.43306547], [4.361247e-05], [0.044544175], [0.067553885], [0.010390263], [0.00016485358], [0.276611], [3.2577515e-07], [4.0270565e-06], [0.31739113], [0.3246439], [8.490014e-06], [0.00015332355], [0.4384962], [0.43960318], [0.050805073], [0.37645343], [0.26295573], [0.22930928], [0.048707563], [0.0047443733], [0.026130084], [0.00035586], [0.017423483], [0.015045555], [0.25163326], [0.38010985], [0.0002854963], [0.17092201], [0.002530931], [0.028427297], [0.002243668], [0.010564607], [0.003865233], [0.057059504], [0.04094268], [0.23184659], [0.00017193447], [1.8826724e-07], [0.08329408], [0.00039026848], [0.14297487], [0.09217901], [0.41076308], [0.083003946], [0.10830801], [0.1568625], [0.09264974], [0.010807774], [0.2327539], [0.07701452], [2.420783e-07], [0.2156631], [0.13322754], [0.000108165455], [0.058554597], [2.3489916e-05], [0.25871214], [0.03513516], [0.06622757], [0.0005601927], [0.117788956], [0.009373583], [0.0073277815], [0.3522078], [0.2893569], [0.45896274], [0.003330106], [0.34594625], [0.36741003], [0.4231052], [0.3185809], [0.0154364025], [7.179624e-06]]
orig_inds:	[0, 2, 3, 4, 5, 6, 7, 8, 9, 10, 11, 13, 15, 17, 18, 20, 21, 22, 23, 24, 25, 26, 27, 28, 29, 31, 32, 33, 34, 36, 38, 39, 40, 41, 43, 44, 46, 47, 49, 50, 51, 52, 54, 55, 57, 58, 60, 61, 62, 63, 64, 65, 67, 68, 69, 70, 71, 73, 74, 75, 76, 79, 80, 82, 83, 84, 85, 86, 88, 89, 90, 91, 92, 93, 94, 95, 96, 97, 98, 99]
