
FA:	[]
RA:	[]
PGU:	[[4.303086e-06], [0.0031634604], [0.020936158], [4.082569e-05], [1.7011213e-05], [0.0009527971], [0.31902137], [0.0002521239], [2.4550975e-06], [0.00019873182], [0.27785173], [0.07710406], [0.08874557], [1.2395686e-05], [0.002923614], [0.19014502], [0.15745063], [0.0036460888], [0.24702087], [0.34139967], [0.29440534], [3.2148362e-06], [0.22773395], [0.008916787], [0.0588784], [0.1698851], [0.15258805], [3.3361316e-06], [0.011016734], [2.933648e-05], [6.3840016e-05], [0.02158962], [0.2345261], [0.02168187], [0.014032256], [0.014116584], [4.158795e-07], [0.049148407], [0.2018435], [0.3209981], [0.3142536], [2.432537e-06], [0.032733437], [0.014186426], [3.0748768e-05], [9.865916e-05], [0.008495911], [0.00046428308], [0.0004810991], [0.3746244], [9.646911e-05], [0.0023533267], [0.0006972504], [0.0014026425], [4.590869e-07], [0.01329008], [0.00045570688], [2.9183204e-05], [0.0158344], [0.0040258975], [0.034072567], [0.00021682135], [0.0029251243], [0.06502602], [0.077650234], [0.00010507621], [0.043236207], [0.00351941], [0.22698408], [0.040667295], [0.18409519], [0.03596153], [0.40019873], [0.07967483], [0.15934362], [0.26495808], [0.322146], [0.2503504], [0.17602685], [0.00016439555]]
PGI:	[[0.07967199], [0.17932321], [0.22167708], [0.06753044], [0.07637329], [0.15865397], [0.43613392], [0.19069254], [0.05250339], [0.071224116], [0.42880502], [0.33024254], [0.31986454], [0.06780505], [0.18764235], [0.31451982], [0.34865305], [0.12911592], [0.0005813149], [0.4424411], [0.4444912], [0.04718897], [0.39520577], [0.2605259], [0.2325737], [0.38668692], [0.3435576], [0.023716712], [0.24648501], [0.016199272], [0.015865752], [0.2707308], [0.38739786], [0.14276259], [0.20261614], [0.30836824], [0.028831393], [0.28317183], [0.30425486], [0.41309863], [0.3937792], [0.039636582], [0.235827], [0.26930687], [0.047497515], [0.08686678], [0.21849702], [0.13796493], [0.09777026], [0.41041708], [0.076739065], [0.12082964], [0.1589142], [0.09910453], [0.010696975], [0.22513671], [0.0765319], [0.060841613], [0.2216733], [0.15013207], [0.2637427], [0.059325654], [0.13170548], [0.26754215], [0.3227319], [0.0659647], [0.24896412], [0.12244569], [0.30467182], [0.23505896], [0.3822789], [0.28016156], [0.45720172], [0.37202623], [0.3461939], [0.37079975], [0.414521], [0.31500006], [0.39426044], [0.1106514]]
orig_inds:	[0, 2, 3, 4, 5, 6, 7, 8, 9, 10, 11, 13, 15, 17, 18, 20, 21, 22, 23, 24, 25, 26, 27, 28, 29, 31, 32, 33, 34, 36, 38, 39, 40, 41, 43, 44, 46, 47, 49, 50, 51, 52, 54, 55, 57, 58, 60, 61, 62, 63, 64, 65, 67, 68, 69, 70, 71, 73, 74, 75, 76, 79, 80, 82, 83, 84, 85, 86, 88, 89, 90, 91, 92, 93, 94, 95, 96, 97, 98, 99]
