
FA:	[]
RA:	[]
PGU:	[[3.5215319e-06], [0.0027860245], [0.021131502], [0.00012712434], [1.1836958e-05], [0.0010077645], [0.3195772], [0.0005404016], [3.7432908e-06], [0.00017688275], [0.2838782], [0.3119975], [0.086029276], [2.9676974e-05], [0.0038457448], [0.19084184], [0.1607182], [0.004522443], [0.25929376], [0.34319735], [0.2992183], [6.4170063e-06], [0.22853409], [0.009541037], [0.05543103], [0.17104897], [0.15717852], [2.9105663e-06], [0.012260898], [5.7328598e-05], [1.6214253e-06], [0.02195519], [0.24171303], [0.021841185], [0.01558604], [0.038925994], [5.411148e-07], [0.052380495], [0.31770507], [0.32360914], [0.31711185], [5.6859194e-06], [0.031099573], [0.013817491], [4.8731504e-06], [3.816209e-05], [0.009047561], [0.00038935032], [0.0009276864], [0.37375724], [0.00026472507], [0.0019356224], [0.0013438269], [0.0014454783], [3.3423902e-07], [0.014679887], [0.00036293812], [3.2351225e-05], [0.015064613], [0.0046549635], [0.03532009], [0.0004880834], [0.0023755212], [0.06306237], [0.079816915], [0.00019527123], [0.043879744], [0.005813547], [0.33597457], [0.04031625], [0.19591142], [0.036495708], [0.4027114], [0.34337154], [0.15878145], [0.27982825], [0.32943878], [0.24725735], [0.18290734], [0.0001670714]]
PGI:	[[0.07625335], [0.18081257], [0.21301502], [0.064876266], [0.079121955], [0.1604551], [0.43616548], [0.19081178], [0.05124689], [0.071829185], [0.4240422], [0.011320876], [0.32414502], [0.06979481], [0.17385723], [0.31291127], [0.34066293], [0.12634878], [0.0005780628], [0.44344595], [0.43712837], [0.05001328], [0.39818373], [0.25386018], [0.23735654], [0.39113596], [0.34537387], [0.026164515], [0.24888054], [0.017469238], [0.014138576], [0.26633927], [0.3887169], [0.14485516], [0.20566228], [0.30642474], [0.030936955], [0.27927494], [0.017556781], [0.41559088], [0.39743575], [0.044615462], [0.23899233], [0.26374793], [0.048610795], [0.084094614], [0.21598579], [0.14221618], [0.08894556], [0.409959], [0.0798631], [0.12236478], [0.15733156], [0.09340005], [0.012493106], [0.22676519], [0.08069954], [0.06165039], [0.21805543], [0.14750366], [0.26413792], [0.053461567], [0.1336618], [0.26592854], [0.32255712], [0.064684734], [0.24633679], [0.12048539], [0.019148713], [0.23155262], [0.38278157], [0.2848286], [0.45993868], [0.05685875], [0.3425691], [0.37546495], [0.4200357], [0.31098574], [0.38587824], [0.116513036]]
orig_inds:	[0, 2, 3, 4, 5, 6, 7, 8, 9, 10, 11, 13, 15, 17, 18, 20, 21, 22, 23, 24, 25, 26, 27, 28, 29, 31, 32, 33, 34, 36, 38, 39, 40, 41, 43, 44, 46, 47, 49, 50, 51, 52, 54, 55, 57, 58, 60, 61, 62, 63, 64, 65, 67, 68, 69, 70, 71, 73, 74, 75, 76, 79, 80, 82, 83, 84, 85, 86, 88, 89, 90, 91, 92, 93, 94, 95, 96, 97, 98, 99]
