
FA:	[[1.0], [1.0], [1.0], [1.0], [1.0], [1.0], [1.0], [1.0], [1.0], [1.0], [1.0], [1.0], [1.0], [1.0], [1.0], [1.0], [1.0], [1.0], [1.0], [1.0], [1.0], [1.0], [1.0], [1.0], [1.0], [1.0], [1.0], [1.0], [1.0], [1.0], [1.0], [1.0], [1.0], [1.0], [1.0], [1.0], [1.0], [1.0], [1.0], [1.0], [1.0], [1.0], [1.0], [1.0], [1.0], [1.0], [1.0], [1.0], [1.0], [1.0], [1.0], [1.0], [1.0], [1.0], [1.0], [1.0], [1.0], [1.0], [1.0], [1.0], [1.0], [1.0], [1.0], [1.0], [1.0], [1.0], [1.0], [1.0], [1.0], [1.0], [1.0], [1.0], [1.0], [1.0], [1.0], [1.0], [1.0], [1.0], [1.0], [1.0], [1.0], [1.0], [1.0], [1.0]]
RA:	[[1.0], [0.25], [0.5], [1.0], [0.5], [1.0], [1.0], [0.5], [0.0], [0.0], [0.25], [1.0], [0.5], [0.5], [0.5], [1.0], [0.5], [0.5], [0.5], [0.5], [0.0], [1.0], [1.0], [1.0], [0.5], [0.5], [0.25], [0.0], [0.0], [0.0], [1.0], [1.0], [1.0], [1.0], [0.5], [0.0], [1.0], [0.0], [1.0], [1.0], [1.0], [0.25], [1.0], [1.0], [0.5], [0.0], [0.5], [1.0], [0.5], [0.0], [0.5], [1.0], [1.0], [1.0], [0.5], [0.5], [0.5], [1.0], [0.0], [0.5], [0.5], [0.5], [0.25], [0.25], [1.0], [1.0], [0.0], [0.5], [1.0], [0.25], [1.0], [0.5], [0.5], [1.0], [1.0], [0.5], [0.5], [0.5], [0.5], [1.0], [1.0], [0.5], [1.0], [1.0]]
PGU:	[[0.0], [0.0], [0.0], [0.0], [0.0], [0.0], [0.0], [0.0], [0.0], [0.0], [0.0], [5.9604645e-08], [0.0], [0.0], [0.0], [0.0], [0.0], [0.0], [0.0], [0.0], [0.0], [0.0], [0.0], [0.0], [0.0], [0.0], [0.0], [0.0], [0.0], [0.0], [0.0], [0.0], [0.0], [0.0], [0.0], [0.0], [0.0], [0.0], [0.0], [0.0], [0.0], [0.0], [0.0], [0.0], [0.0], [0.0], [0.0], [0.0], [0.0], [0.0], [0.0], [0.0], [0.0], [0.0], [0.0], [0.0], [2.9802322e-08], [0.0], [0.0], [0.0], [0.0], [0.0], [0.0], [0.0], [0.0], [0.0], [0.0], [0.0], [0.0], [0.0], [0.0], [0.0], [0.0], [0.0], [0.0], [0.0], [0.0], [0.0], [0.0], [0.0], [2.9802322e-08], [0.0], [0.0], [0.0]]
PGI:	[[0.04330759], [0.042627163], [0.046840437], [0.04310178], [0.040180318], [0.04713194], [0.040100317], [0.047762904], [0.048090477], [0.037351098], [0.037290648], [0.043844674], [0.033364054], [0.046382185], [0.046711434], [0.045042496], [0.045235507], [0.047228675], [0.03254884], [0.04655329], [0.035644356], [0.047638115], [0.047936693], [0.047802616], [0.036745507], [0.04065913], [0.04334245], [0.03691922], [0.047412153], [0.038903303], [0.047991745], [0.04226131], [0.041740544], [0.046912424], [0.043785848], [0.041119374], [0.047743548], [0.047638405], [0.047347862], [0.039037127], [0.044080947], [0.039139774], [0.047342505], [0.04505589], [0.03979258], [0.047523562], [0.03963937], [0.034536336], [0.047277097], [0.04708239], [0.04427127], [0.042255875], [0.034748845], [0.048085373], [0.04714118], [0.043821517], [0.039766196], [0.04718634], [0.048091646], [0.047961134], [0.046606783], [0.046719592], [0.032473687], [0.047445327], [0.047953654], [0.047874425], [0.034767058], [0.03700381], [0.046884045], [0.047760393], [0.044088926], [0.039393093], [0.04646379], [0.047257837], [0.048388947], [0.04698357], [0.039194096], [0.044370778], [0.04197936], [0.04742024], [0.046838686], [0.04352753], [0.047702696], [0.035896923]]
orig_inds:	[0, 1, 2, 3, 4, 5, 6, 7, 8, 11, 13, 14, 15, 16, 17, 19, 21, 22, 23, 25, 26, 28, 30, 31, 32, 33, 34, 35, 36, 37, 38, 40, 41, 42, 43, 44, 45, 46, 48, 49, 50, 51, 53, 54, 55, 56, 57, 58, 59, 60, 61, 63, 64, 65, 68, 69, 70, 71, 72, 73, 74, 75, 76, 77, 78, 79, 80, 81, 82, 84, 85, 86, 87, 88, 89, 90, 91, 92, 93, 94, 95, 96, 98, 99]
