
FA:	[[1.0], [1.0], [1.0], [1.0], [1.0], [1.0], [1.0], [1.0], [1.0], [1.0], [1.0], [1.0], [1.0], [1.0], [1.0], [1.0], [1.0], [1.0], [1.0], [1.0], [1.0], [1.0], [1.0], [1.0], [1.0], [1.0], [1.0], [1.0], [1.0], [1.0], [1.0], [1.0], [1.0], [1.0], [1.0], [1.0], [1.0], [1.0], [1.0], [1.0], [1.0], [1.0], [1.0], [1.0], [1.0], [1.0], [1.0], [1.0], [1.0], [1.0], [1.0], [1.0], [1.0], [1.0], [1.0], [1.0], [1.0], [1.0], [1.0], [1.0], [1.0], [1.0], [1.0], [1.0], [1.0], [1.0], [1.0], [1.0], [1.0], [1.0], [1.0], [1.0], [1.0], [1.0], [1.0], [1.0], [1.0], [1.0], [1.0], [1.0], [1.0], [1.0], [1.0], [1.0]]
RA:	[[1.0], [0.5], [1.0], [0.25], [1.0], [1.0], [1.0], [0.25], [1.0], [1.0], [0.5], [0.5], [1.0], [1.0], [1.0], [0.5], [1.0], [1.0], [0.0], [0.5], [0.0], [0.5], [0.5], [1.0], [1.0], [1.0], [0.5], [1.0], [0.0], [0.5], [0.0], [1.0], [1.0], [1.0], [0.5], [0.5], [1.0], [0.0], [0.0], [0.5], [0.5], [1.0], [0.0], [0.5], [0.5], [0.5], [0.5], [0.5], [1.0], [0.5], [0.5], [0.5], [1.0], [1.0], [0.5], [1.0], [1.0], [0.25], [1.0], [1.0], [1.0], [1.0], [0.25], [0.5], [1.0], [1.0], [1.0], [1.0], [1.0], [0.25], [0.0], [0.25], [1.0], [0.5], [1.0], [1.0], [0.5], [1.0], [0.5], [1.0], [1.0], [0.5], [0.5], [0.0]]
PGU:	[[0.0], [0.0], [0.0], [0.0], [0.0], [0.0], [0.0], [0.0], [0.0], [0.0], [0.0], [5.9604645e-08], [0.0], [0.0], [0.0], [0.0], [0.0], [0.0], [0.0], [0.0], [0.0], [0.0], [0.0], [0.0], [0.0], [0.0], [0.0], [0.0], [0.0], [0.0], [0.0], [0.0], [0.0], [0.0], [0.0], [0.0], [0.0], [0.0], [0.0], [0.0], [0.0], [0.0], [0.0], [0.0], [0.0], [0.0], [0.0], [0.0], [0.0], [0.0], [0.0], [0.0], [0.0], [0.0], [0.0], [0.0], [2.9802322e-08], [0.0], [0.0], [0.0], [0.0], [0.0], [0.0], [0.0], [0.0], [0.0], [0.0], [0.0], [0.0], [0.0], [0.0], [0.0], [0.0], [0.0], [0.0], [0.0], [0.0], [0.0], [0.0], [0.0], [2.9802322e-08], [0.0], [0.0], [0.0]]
PGI:	[[0.043399066], [0.04184088], [0.046791907], [0.043393776], [0.040247876], [0.0468532], [0.040428795], [0.047909673], [0.04760888], [0.03818535], [0.03738032], [0.04422518], [0.033106398], [0.046635736], [0.04621602], [0.0448435], [0.045620352], [0.04705003], [0.032861985], [0.04724409], [0.035974927], [0.047898833], [0.047288872], [0.04783346], [0.037303433], [0.04066405], [0.043635655], [0.037009444], [0.047636133], [0.039057832], [0.047635503], [0.043394096], [0.042030852], [0.047258966], [0.043986842], [0.0416894], [0.048449002], [0.047297344], [0.04780936], [0.039324015], [0.044925023], [0.03931431], [0.04697218], [0.046007283], [0.04036053], [0.04817727], [0.03903851], [0.03451677], [0.04689324], [0.046667807], [0.0442971], [0.04275218], [0.034896318], [0.04814774], [0.047039576], [0.04367443], [0.04015086], [0.047591493], [0.04781333], [0.047474086], [0.04650485], [0.04685524], [0.032031715], [0.047977913], [0.047944523], [0.048503462], [0.03464383], [0.037026457], [0.046979517], [0.04847809], [0.044452187], [0.03919686], [0.046556585], [0.047460638], [0.047571976], [0.047323555], [0.038861368], [0.044540424], [0.041756656], [0.04761708], [0.04627045], [0.043739785], [0.048472], [0.036012124]]
orig_inds:	[0, 1, 2, 3, 4, 5, 6, 7, 8, 11, 13, 14, 15, 16, 17, 19, 21, 22, 23, 25, 26, 28, 30, 31, 32, 33, 34, 35, 36, 37, 38, 40, 41, 42, 43, 44, 45, 46, 48, 49, 50, 51, 53, 54, 55, 56, 57, 58, 59, 60, 61, 63, 64, 65, 68, 69, 70, 71, 72, 73, 74, 75, 76, 77, 78, 79, 80, 81, 82, 84, 85, 86, 87, 88, 89, 90, 91, 92, 93, 94, 95, 96, 98, 99]
