
FA:	[]
RA:	[]
PGU:	[[0.0], [0.0], [0.0], [0.0], [0.0], [0.0], [3.259629e-09], [0.0], [0.0], [0.0], [0.0], [0.0], [2.3874236e-12], [1.6298145e-09], [0.0], [0.0], [0.0], [0.0], [0.0], [0.0], [0.0], [9.313226e-10], [2.6077032e-08], [0.0], [0.0], [0.0], [0.0], [0.0], [0.0], [0.0], [0.0], [0.0], [0.0], [5.9604645e-08], [0.0], [0.0], [0.0], [4.0745363e-10], [0.0], [0.0], [0.0], [0.0], [0.0], [0.0], [5.820766e-10], [1.4901161e-08], [0.0], [0.0], [0.0], [0.0], [0.0], [0.0], [0.0], [4.656613e-10], [0.0], [0.0], [0.0], [0.0], [1.1175871e-08], [0.0], [1.6007107e-10], [0.0], [0.0], [5.820766e-10], [0.0], [0.0], [0.0], [1.4551915e-10], [0.0], [0.0], [0.0], [0.0], [0.0], [0.0], [0.0], [0.0], [0.0], [0.0], [0.0], [0.0], [2.3841858e-07], [2.7284841e-11], [0.0], [0.0], [0.0], [0.0], [3.7252903e-08]]
PGI:	[[8.5899046e-05], [0.0003175586], [0.35180336], [0.06298688], [0.016996354], [0.3581475], [0.11624774], [0.191696], [0.37120777], [0.00039300247], [6.591748e-05], [0.07638891], [2.3849478e-05], [0.11995857], [0.043459084], [0.34522423], [0.004426452], [0.35448116], [5.5537555e-07], [0.22203848], [0.0014870114], [0.08907032], [0.28758627], [0.19800626], [0.00123964], [0.019174017], [0.11666086], [0.03186461], [0.17000107], [0.00012107141], [0.08199743], [0.063010946], [0.036333483], [0.39641887], [0.09954813], [0.0008468501], [0.23292373], [0.052004095], [0.21424873], [0.00618239], [0.050902415], [0.0064814715], [0.3543792], [0.1723543], [0.032032], [0.30398455], [0.0005086609], [0.0006125298], [0.35713348], [0.0022584973], [0.12304787], [0.014202108], [0.0006570477], [0.093534544], [0.35371062], [0.00022102303], [0.00014549374], [0.36346772], [0.27063495], [0.36640868], [0.016570387], [0.0579828], [0.00037995476], [0.061600927], [0.046782065], [0.38193855], [0.00057273], [0.024941018], [0.20907876], [0.1315104], [0.092133366], [0.0060717054], [0.0418217], [0.35597166], [0.3668913], [0.089459985], [4.5097935e-05], [0.111609116], [0.042363048], [0.16785115], [0.32822028], [0.0031311812], [0.19083647], [0.0004430803], [0.0021145453], [0.096924454], [0.19265485]]
orig_inds:	[1, 2, 3, 4, 5, 6, 7, 8, 11, 13, 14, 15, 16, 17, 19, 20, 21, 22, 23, 24, 25, 26, 27, 28, 30, 31, 32, 33, 34, 35, 36, 37, 38, 39, 40, 41, 42, 43, 44, 45, 48, 49, 50, 51, 53, 54, 55, 56, 57, 58, 59, 60, 61, 63, 64, 65, 67, 68, 69, 70, 71, 72, 73, 74, 75, 77, 78, 79, 80, 81, 82, 84, 85, 86, 87, 88, 89, 90, 91, 92, 93, 94, 95, 96, 97, 98, 99]
