
FA:	[]
RA:	[]
PGU:	[[2.587102e-05], [0.0021503326], [0.22800684], [0.03691827], [0.00056274154], [0.22891136], [0.25447515], [0.02762306], [0.00020740247], [0.008593395], [0.2667038], [0.046985146], [0.013214401], [0.084941946], [0.08656631], [0.009104252], [0.0038105168], [0.013746589], [0.017931325], [4.114734e-05], [0.0016635784], [0.03224549], [0.0036774422], [0.0018510752], [0.07267185], [0.23389931], [0.019199392], [0.012420323], [0.08264635], [0.018591462], [7.39108e-05], [0.07560242], [0.016227901], [0.0025558614], [0.013167716], [0.02852544], [0.008597248], [0.05847059], [0.22437228], [0.21732982], [0.0003065186], [0.07225913], [0.107880935], [0.035374764], [0.000626472], [0.052000243], [0.02168228], [0.22003025], [0.0007789452], [0.054170754], [0.13830006], [0.24879527], [0.033583723], [0.089266464], [0.033524267], [0.061037976], [0.00074813445], [0.27304184], [0.00012085807], [0.1903349], [0.20991956], [0.062455274], [0.08281757], [0.034187462], [0.2518993], [0.016902193], [0.26435733], [0.050572194], [0.009527528], [0.00064252806], [0.106016025], [4.7370173e-05], [0.23204519]]
PGI:	[[0.00023215299], [0.00701734], [0.31153953], [0.3274982], [0.001753878], [0.28093922], [0.3022053], [0.31631318], [0.025338987], [0.024021184], [0.31730658], [0.29812413], [0.20624124], [0.15849113], [0.15691754], [0.02454406], [0.013339389], [0.022667045], [0.17536974], [0.0015502358], [0.08142116], [0.24320981], [0.021239633], [0.00570539], [0.03546024], [0.28007475], [0.06153114], [0.17101884], [0.3318219], [0.028765058], [0.0032219936], [0.3433203], [0.029189246], [0.08117959], [0.182999], [0.27437413], [0.15001024], [0.10326536], [0.2748979], [0.2678013], [0.0007391887], [0.35257527], [0.042307973], [0.07115787], [0.05978558], [0.26071644], [0.056422774], [0.27367294], [0.00072139886], [0.32185748], [0.17193483], [0.2950868], [0.09338866], [0.1164192], [0.073035605], [0.111288376], [0.00031890633], [0.31693465], [0.0015584866], [0.24765497], [0.16468391], [0.1064829], [0.1626997], [0.0665195], [0.29655436], [0.2634904], [0.29374197], [0.28022522], [0.18272623], [0.0025154348], [0.04386054], [0.00053252943], [0.27884242]]
orig_inds:	[3, 4, 7, 8, 9, 10, 11, 14, 15, 17, 18, 20, 21, 23, 24, 25, 27, 28, 29, 30, 31, 32, 33, 34, 35, 36, 38, 39, 40, 42, 44, 45, 46, 47, 48, 49, 50, 52, 54, 55, 56, 57, 58, 59, 62, 68, 69, 70, 71, 72, 74, 75, 76, 77, 78, 80, 81, 82, 83, 84, 85, 86, 87, 88, 89, 90, 91, 92, 93, 94, 96, 98, 99]
