
FA:	[]
RA:	[]
PGU:	[[8.295096e-05], [0.002037764], [0.22877273], [0.25926661], [0.0011504301], [0.22770005], [0.30676663], [0.20808016], [0.002843255], [0.025423389], [0.26901552], [0.19934878], [0.114755936], [0.14359358], [0.09041854], [0.025089817], [0.01614309], [0.02622546], [0.088420324], [0.00028437268], [0.019595414], [0.14277549], [0.0038349682], [0.0020980067], [0.07216447], [0.23407073], [0.01928927], [0.08610547], [0.2502388], [0.035087716], [0.00042089538], [0.2700406], [0.03129905], [0.025679285], [0.09550796], [0.17543519], [0.06782129], [0.0629463], [0.2741956], [0.21915159], [0.000806543], [0.27218994], [0.10096859], [0.03931622], [0.012719688], [0.19542359], [0.021780904], [0.27393797], [0.0010218426], [0.23968117], [0.13816373], [0.24523616], [0.079665035], [0.12516388], [0.031583905], [0.061619878], [0.0007346189], [0.3202343], [0.00050042896], [0.24885839], [0.21303293], [0.064126305], [0.08631101], [0.05911026], [0.25170186], [0.14596398], [0.26189777], [0.19029266], [0.09396451], [0.0017932064], [0.13021745], [0.0001913351], [0.28745463]]
PGI:	[[0.00015976862], [0.0074584177], [0.31070387], [0.2927977], [0.0009324948], [0.28060275], [0.24180813], [0.290787], [0.015274605], [0.007285345], [0.32039344], [0.28035733], [0.17487417], [0.115623966], [0.15554199], [0.008540372], [0.004244466], [0.009669322], [0.15112808], [0.0006798838], [0.060488604], [0.21960403], [0.02162444], [0.004754079], [0.035751104], [0.2806277], [0.059872784], [0.13053483], [0.3089556], [0.013904506], [0.0012017586], [0.3153617], [0.015172383], [0.054606676], [0.13636678], [0.23742224], [0.11245651], [0.10067168], [0.2218491], [0.27144867], [0.00022968533], [0.32711235], [0.043829422], [0.06946644], [0.033875424], [0.21860845], [0.05387845], [0.22118449], [0.0004457857], [0.29884094], [0.1735041], [0.2958877], [0.054007452], [0.078257434], [0.07472092], [0.10524291], [0.0003086895], [0.26512894], [0.0011281152], [0.19246778], [0.16216853], [0.10573523], [0.16467482], [0.038076874], [0.29350105], [0.24014853], [0.29344916], [0.24888948], [0.14809707], [0.001001963], [0.0012949562], [0.00042522603], [0.21260269]]
orig_inds:	[3, 4, 7, 8, 9, 10, 11, 14, 15, 17, 18, 20, 21, 23, 24, 25, 27, 28, 29, 30, 31, 32, 33, 34, 35, 36, 38, 39, 40, 42, 44, 45, 46, 47, 48, 49, 50, 52, 54, 55, 56, 57, 58, 59, 62, 68, 69, 70, 71, 72, 74, 75, 76, 77, 78, 80, 81, 82, 83, 84, 85, 86, 87, 88, 89, 90, 91, 92, 93, 94, 96, 98, 99]
