
FA:	[]
RA:	[]
PGU:	[[0.00012348853], [0.005571149], [0.3037267], [0.2970788], [0.0012144883], [0.28417355], [0.30830652], [0.27688226], [0.013415317], [0.026511874], [0.31805116], [0.26673633], [0.16505715], [0.1404546], [0.14479022], [0.027003037], [0.014994136], [0.02709975], [0.14450096], [0.00049440685], [0.05443548], [0.2010301], [0.01744202], [0.006132609], [0.076047316], [0.28312042], [0.047943525], [0.13822693], [0.30413738], [0.03560674], [0.0012758768], [0.3188471], [0.031969164], [0.055554528], [0.14340964], [0.23092426], [0.11838275], [0.10170889], [0.27131736], [0.25932547], [0.000814653], [0.32147723], [0.12995143], [0.073870175], [0.036498733], [0.23816645], [0.052981287], [0.27747327], [0.0010501321], [0.2925278], [0.18910883], [0.2863641], [0.07988808], [0.12816767], [0.07231288], [0.11176851], [0.0009934959], [0.32298368], [0.0010901438], [0.25545847], [0.21281335], [0.11113054], [0.15382983], [0.059479725], [0.30638513], [0.22636971], [0.30107626], [0.24917588], [0.15915065], [0.0017906422], [0.13168716], [0.00041836753], [0.28494957]]
PGI:	[[9.642042e-05], [0.0030249013], [0.2524075], [0.24843909], [0.00090224296], [0.22543406], [0.24161704], [0.23190373], [0.0037446301], [0.0071844924], [0.26856416], [0.22044949], [0.11361371], [0.11563323], [0.10380023], [0.007727262], [0.004714192], [0.009570715], [0.091277584], [0.00044493622], [0.025802005], [0.16586214], [0.005360305], [0.0016082134], [0.03596812], [0.224797], [0.030738873], [0.0759232], [0.25672394], [0.013216475], [0.000394699], [0.2690095], [0.014226897], [0.023926333], [0.08219278], [0.18004383], [0.06142419], [0.05738382], [0.2225304], [0.23522359], [0.00021795163], [0.27413914], [0.0022961004], [0.03463795], [0.012920728], [0.16703138], [0.024345642], [0.21331894], [0.0004392182], [0.24426112], [0.10786472], [0.25512403], [0.054224335], [0.07715548], [0.033512767], [0.056842998], [4.3742348e-05], [0.26365733], [0.000519928], [0.1909173], [0.16487953], [0.056981117], [0.10130326], [0.039959397], [0.22574939], [0.17146939], [0.25564283], [0.19487584], [0.08127341], [0.0009807821], [0.0011445689], [0.00019269141], [0.2101634]]
orig_inds:	[3, 4, 7, 8, 9, 10, 11, 14, 15, 17, 18, 20, 21, 23, 24, 25, 27, 28, 29, 30, 31, 32, 33, 34, 35, 36, 38, 39, 40, 42, 44, 45, 46, 47, 48, 49, 50, 52, 54, 55, 56, 57, 58, 59, 62, 68, 69, 70, 71, 72, 74, 75, 76, 77, 78, 80, 81, 82, 83, 84, 85, 86, 87, 88, 89, 90, 91, 92, 93, 94, 96, 98, 99]
