
FA:	[]
RA:	[]
PGU:	[[1.8012852e-05], [0.00015547167], [0.016636793], [0.037645433], [5.390342e-05], [0.06607265], [0.2574885], [0.026245063], [0.00020064358], [0.008976706], [0.262535], [0.039456706], [0.013180731], [0.012387484], [0.0071600205], [0.000855845], [0.0033674813], [0.013354677], [0.01597586], [2.860621e-05], [0.0008673045], [0.020089548], [0.00023248549], [0.0018594814], [0.07110365], [0.065254055], [0.0037112534], [0.012815651], [0.08151002], [0.019474229], [5.577066e-05], [0.075313315], [0.016589083], [0.0022992215], [0.013478635], [0.02746455], [0.008740697], [0.0047049355], [0.046787694], [0.03869218], [6.800495e-05], [0.07156451], [0.06496588], [0.03344022], [0.00041901116], [0.037074577], [0.00027688703], [0.21665418], [9.99804e-05], [0.04783389], [0.14041175], [0.24615246], [0.0020678572], [0.0047829836], [0.0016030382], [0.0023847832], [0.0005444171], [0.018516015], [0.00010811732], [0.015460438], [0.17547752], [0.06278628], [0.0027337542], [0.03528024], [0.03276918], [0.013143229], [0.036298525], [0.04947987], [0.008007885], [0.00063396065], [0.107794456], [3.984545e-05], [0.23289487]]
PGI:	[[0.0002859029], [0.015067667], [0.33396298], [0.3289852], [0.0037534942], [0.31144726], [0.30385846], [0.31100187], [0.025494149], [0.02492441], [0.32009044], [0.29860893], [0.21064357], [0.18100592], [0.1828509], [0.04286473], [0.016792934], [0.020982353], [0.17823935], [0.0013754893], [0.08542229], [0.25037968], [0.03212263], [0.006106921], [0.035999205], [0.31431955], [0.0781635], [0.1724214], [0.32845175], [0.029428393], [0.0025683537], [0.34436187], [0.027992636], [0.08331025], [0.17645834], [0.270136], [0.15000413], [0.1393042], [0.30659387], [0.29724944], [0.0021433097], [0.34888205], [0.085396975], [0.07402564], [0.062392786], [0.25730163], [0.08650847], [0.27718082], [0.0016157012], [0.32260323], [0.17014687], [0.29435048], [0.117902674], [0.16326305], [0.10209438], [0.14759137], [0.0005132657], [0.34869975], [0.0017872684], [0.28268802], [0.20480844], [0.11232155], [0.19496255], [0.06439614], [0.32477286], [0.26094353], [0.32995316], [0.28070304], [0.1850084], [0.002310267], [0.046212364], [0.00055028376], [0.2799012]]
orig_inds:	[3, 4, 7, 8, 9, 10, 11, 14, 15, 17, 18, 20, 21, 23, 24, 25, 27, 28, 29, 30, 31, 32, 33, 34, 35, 36, 38, 39, 40, 42, 44, 45, 46, 47, 48, 49, 50, 52, 54, 55, 56, 57, 58, 59, 62, 68, 69, 70, 71, 72, 74, 75, 76, 77, 78, 80, 81, 82, 83, 84, 85, 86, 87, 88, 89, 90, 91, 92, 93, 94, 96, 98, 99]
