
FA:	[]
RA:	[]
PGU:	[[1.7881644e-05], [0.00011048399], [0.015382614], [0.019137496], [1.50653605e-05], [0.043315593], [0.018696487], [0.019830072], [0.000110345005], [0.008431778], [0.2630769], [0.027185928], [0.010685485], [0.00914291], [0.0027427173], [0.00010218182], [0.00014016517], [0.013417363], [0.014940737], [5.248542e-06], [0.00085084507], [0.01340103], [0.00011624782], [0.001849622], [0.03498091], [0.054440264], [0.00092972803], [0.0038681633], [0.07196921], [0.00030191566], [3.117558e-05], [0.03711888], [0.015539667], [0.0019570147], [0.012946607], [0.024244238], [0.008055915], [0.0048259497], [0.026524125], [0.030580172], [5.2316856e-05], [0.062508255], [0.065476224], [9.432562e-05], [0.00030422668], [0.021246372], [0.00018647572], [0.051565003], [6.107698e-05], [0.04508117], [0.003840311], [0.021673625], [0.00034693672], [0.004227047], [0.0005531178], [0.0020999503], [0.0005282645], [0.007703325], [6.5455e-05], [0.011955631], [0.1765057], [0.06359184], [0.0007698809], [0.033332836], [0.02393665], [0.011580701], [0.020289654], [0.03405469], [0.0014121054], [1.8048333e-05], [0.06672312], [1.9550256e-05], [0.027489511]]
PGI:	[[0.00026248794], [0.015172922], [0.33317924], [0.32700112], [0.004193227], [0.3077361], [0.3333582], [0.31104743], [0.025252754], [0.026504612], [0.3209618], [0.29666594], [0.2119102], [0.18300383], [0.18383557], [0.04493882], [0.028636383], [0.021446425], [0.17838097], [0.0013670481], [0.08072422], [0.24191296], [0.03267432], [0.0062979017], [0.074650265], [0.31190884], [0.078699835], [0.17267717], [0.3336098], [0.060970314], [0.0032590171], [0.3463094], [0.029163895], [0.084238954], [0.18097429], [0.26359287], [0.15528159], [0.13881366], [0.30139518], [0.29902518], [0.002245755], [0.3531284], [0.08828294], [0.10324929], [0.060033184], [0.25843522], [0.081881255], [0.31117773], [0.0013793051], [0.31934896], [0.21597765], [0.3224986], [0.118188694], [0.16208808], [0.10530897], [0.14847669], [0.00049801887], [0.34608263], [0.0016753955], [0.28261787], [0.20279953], [0.10703989], [0.19275299], [0.06589216], [0.3280986], [0.25506002], [0.32992628], [0.28169075], [0.18633316], [0.0062543163], [0.091610074], [0.0005508328], [0.30689463]]
orig_inds:	[3, 4, 7, 8, 9, 10, 11, 14, 15, 17, 18, 20, 21, 23, 24, 25, 27, 28, 29, 30, 31, 32, 33, 34, 35, 36, 38, 39, 40, 42, 44, 45, 46, 47, 48, 49, 50, 52, 54, 55, 56, 57, 58, 59, 62, 68, 69, 70, 71, 72, 74, 75, 76, 77, 78, 80, 81, 82, 83, 84, 85, 86, 87, 88, 89, 90, 91, 92, 93, 94, 96, 98, 99]
