
FA:	[[1.0], [1.0], [1.0], [1.0], [1.0], [1.0], [1.0], [1.0], [1.0], [1.0], [1.0], [1.0], [1.0], [1.0], [1.0], [1.0], [1.0], [1.0], [1.0], [1.0], [1.0], [1.0], [1.0], [1.0], [1.0], [1.0], [1.0], [1.0], [1.0], [1.0], [1.0], [1.0], [1.0], [1.0], [1.0], [1.0], [1.0], [1.0], [1.0], [1.0], [1.0], [1.0], [1.0], [1.0], [1.0], [1.0], [1.0], [1.0], [1.0], [1.0], [1.0], [1.0], [1.0], [1.0], [1.0], [1.0], [1.0], [1.0], [1.0], [1.0], [1.0], [1.0], [1.0], [1.0], [1.0], [1.0], [1.0], [1.0], [1.0], [1.0], [1.0], [1.0], [1.0], [1.0], [1.0], [1.0], [1.0], [1.0], [1.0], [1.0], [1.0], [1.0], [1.0], [1.0]]
RA:	[[1.0], [0.5], [0.5], [0.5], [1.0], [1.0], [0.5], [0.5], [1.0], [1.0], [0.5], [0.5], [0.5], [0.5], [1.0], [0.5], [0.5], [1.0], [0.5], [1.0], [1.0], [0.5], [0.5], [1.0], [1.0], [1.0], [0.5], [1.0], [0.5], [0.5], [1.0], [1.0], [0.0], [1.0], [0.5], [0.5], [1.0], [0.5], [0.5], [1.0], [0.5], [1.0], [0.5], [0.5], [0.5], [0.5], [0.5], [1.0], [1.0], [0.5], [1.0], [0.5], [1.0], [1.0], [0.5], [0.5], [1.0], [0.25], [1.0], [1.0], [1.0], [1.0], [0.25], [1.0], [1.0], [0.5], [0.25], [0.5], [1.0], [0.25], [0.0], [0.25], [0.5], [1.0], [1.0], [1.0], [1.0], [0.0], [0.5], [0.0], [0.5], [0.5], [1.0], [1.0]]
PGU:	[[0.0], [0.0], [0.0], [0.0], [0.0], [0.0], [0.0], [0.0], [0.0], [0.0], [0.0], [5.9604645e-08], [0.0], [0.0], [0.0], [0.0], [0.0], [0.0], [0.0], [0.0], [0.0], [0.0], [0.0], [0.0], [0.0], [0.0], [0.0], [0.0], [0.0], [0.0], [0.0], [0.0], [0.0], [0.0], [0.0], [0.0], [0.0], [0.0], [0.0], [0.0], [0.0], [0.0], [0.0], [0.0], [0.0], [0.0], [0.0], [0.0], [0.0], [0.0], [0.0], [0.0], [0.0], [0.0], [0.0], [0.0], [2.9802322e-08], [0.0], [0.0], [0.0], [0.0], [0.0], [0.0], [0.0], [0.0], [0.0], [0.0], [0.0], [0.0], [0.0], [0.0], [0.0], [0.0], [0.0], [0.0], [0.0], [0.0], [0.0], [0.0], [0.0], [2.9802322e-08], [0.0], [0.0], [0.0]]
PGI:	[[0.04311824], [0.041207824], [0.04682754], [0.043510396], [0.03989391], [0.046836156], [0.040204167], [0.048495393], [0.04776166], [0.037566654], [0.03668152], [0.04469065], [0.03340305], [0.04622335], [0.04674709], [0.04539411], [0.04564162], [0.047049414], [0.032834977], [0.046421718], [0.03590831], [0.048093278], [0.047955167], [0.047590345], [0.0376379], [0.040765602], [0.044388667], [0.03737912], [0.047805816], [0.038959872], [0.047843054], [0.042951252], [0.041965656], [0.047272064], [0.043423146], [0.04123348], [0.048212904], [0.04816588], [0.047595665], [0.038579825], [0.045064695], [0.03907279], [0.04710739], [0.04647577], [0.039735284], [0.047729995], [0.03967395], [0.03492266], [0.046762813], [0.046889868], [0.04508146], [0.04348722], [0.034640536], [0.047576398], [0.046954904], [0.044267364], [0.04031871], [0.047587834], [0.047727823], [0.047703058], [0.046659637], [0.046559665], [0.03328844], [0.047919087], [0.047560398], [0.048377324], [0.03451176], [0.03645398], [0.04770486], [0.0481906], [0.044244245], [0.038933102], [0.046576504], [0.046798546], [0.04758317], [0.04773172], [0.039145242], [0.04416312], [0.04189942], [0.04774597], [0.04673988], [0.043992255], [0.04855388], [0.035521995]]
orig_inds:	[0, 1, 2, 3, 4, 5, 6, 7, 8, 11, 13, 14, 15, 16, 17, 19, 21, 22, 23, 25, 26, 28, 30, 31, 32, 33, 34, 35, 36, 37, 38, 40, 41, 42, 43, 44, 45, 46, 48, 49, 50, 51, 53, 54, 55, 56, 57, 58, 59, 60, 61, 63, 64, 65, 68, 69, 70, 71, 72, 73, 74, 75, 76, 77, 78, 79, 80, 81, 82, 84, 85, 86, 87, 88, 89, 90, 91, 92, 93, 94, 95, 96, 98, 99]
