
FA:	[]
RA:	[]
PGU:	[[0.0], [6.8212103e-12], [2.9802322e-08], [0.0], [0.0], [2.9802322e-08], [4.1909516e-09], [0.0], [8.940697e-08], [0.0], [0.0], [0.0], [2.3874236e-12], [8.1490725e-10], [0.0], [4.4703484e-08], [0.0], [2.9802322e-08], [0.0], [0.0], [0.0], [1.7462298e-09], [3.1664968e-08], [3.0733645e-08], [1.2732926e-11], [0.0], [0.0], [0.0], [0.0], [0.0], [9.313226e-10], [0.0], [0.0], [1.1920929e-07], [8.1490725e-10], [0.0], [0.0], [0.0], [0.0], [0.0], [0.0], [0.0], [2.9802322e-08], [0.0], [5.820766e-10], [2.6077032e-08], [0.0], [0.0], [2.9802322e-08], [0.0], [0.0], [0.0], [0.0], [0.0], [2.9802322e-08], [0.0], [1.4551915e-11], [8.940697e-08], [2.2351742e-08], [8.940697e-08], [0.0], [2.910383e-10], [0.0], [5.820766e-10], [0.0], [5.9604645e-08], [0.0], [1.4551915e-10], [6.519258e-09], [2.7939677e-09], [0.0], [0.0], [0.0], [2.9802322e-08], [8.940697e-08], [0.0], [0.0], [0.0], [0.0], [0.0], [5.9604645e-08], [0.0], [6.9849193e-09], [0.0], [0.0], [1.0477379e-09], [1.8626451e-08], [8.940697e-08], [0.0], [0.0], [2.2351742e-08], [0.0], [2.2351742e-08], [0.0], [0.0]]
PGI:	[[6.4935935e-05], [0.0002585219], [0.3606395], [0.062245563], [0.015722843], [0.35650274], [0.11628633], [0.19350572], [0.36727887], [0.00044341787], [7.805296e-05], [0.07709667], [1.7956576e-05], [0.11942455], [0.04657616], [0.34606922], [0.0045837634], [0.3594781], [6.286369e-07], [0.23069362], [0.0012234084], [0.089630686], [0.2924864], [0.20083657], [0.0012381565], [0.01825758], [0.114473544], [0.029982474], [0.16802391], [0.00010801396], [0.07764231], [0.060332872], [0.038803007], [0.39764693], [0.09611798], [0.0008748481], [0.23103175], [0.052970696], [0.21232383], [0.006961998], [0.05692552], [0.0064625344], [0.35624593], [0.17721148], [0.03434554], [0.3085615], [0.00040841417], [0.0006198124], [0.35609746], [0.0017119766], [0.121987484], [0.0137795955], [0.0006596937], [0.09972392], [0.3571975], [0.00030292035], [0.00021506264], [0.36697367], [0.26426134], [0.36704722], [0.016323296], [0.061294097], [0.0003408316], [0.06762717], [0.046684995], [0.37854156], [0.00074643333], [0.026612049], [0.21237183], [0.12540062], [0.09220797], [0.0056671933], [0.042556778], [0.35526702], [0.36648688], [0.08396179], [2.1522976e-05], [0.11465523], [0.043786272], [0.17040573], [0.33164233], [0.0022979742], [0.18873103], [0.00043642067], [0.0026022312], [0.10076679], [0.19815168], [0.36405993], [0.087394685], [0.23548242], [0.25909168], [0.017600395], [0.2657694], [0.11929398], [0.13256148]]
orig_inds:	[0, 1, 2, 3, 4, 5, 6, 7, 8, 9, 10, 12, 13, 14, 15, 16, 18, 19, 20, 21, 22, 23, 24, 25, 26, 27, 28, 29, 30, 31, 32, 33, 34, 35, 36, 37, 38, 39, 42, 43, 44, 45, 46, 47, 48, 49, 50, 51, 52, 53, 54, 55, 56, 57, 58, 59, 60, 61, 62, 63, 64, 65, 66, 68, 69, 70, 71, 72, 73, 74, 75, 76, 77, 78, 79, 80, 81, 82, 83, 84, 85, 86, 87, 88, 89, 90, 91, 92, 93, 94, 95, 96, 97, 98, 99]
