
FA:	[]
RA:	[]
PGU:	[[0.0], [0.0], [0.0], [0.0], [0.0], [0.0], [3.259629e-09], [0.0], [0.0], [0.0], [0.0], [0.0], [2.3874236e-12], [1.6298145e-09], [0.0], [0.0], [0.0], [0.0], [0.0], [0.0], [0.0], [9.313226e-10], [2.6077032e-08], [0.0], [0.0], [0.0], [0.0], [0.0], [0.0], [0.0], [0.0], [0.0], [0.0], [5.9604645e-08], [0.0], [0.0], [0.0], [4.0745363e-10], [0.0], [0.0], [0.0], [0.0], [0.0], [0.0], [5.820766e-10], [1.4901161e-08], [0.0], [0.0], [0.0], [0.0], [0.0], [0.0], [0.0], [4.656613e-10], [0.0], [0.0], [0.0], [0.0], [1.1175871e-08], [0.0], [1.6007107e-10], [0.0], [0.0], [5.820766e-10], [0.0], [0.0], [0.0], [1.4551915e-10], [0.0], [0.0], [0.0], [0.0], [0.0], [0.0], [0.0], [0.0], [0.0], [0.0], [0.0], [0.0], [2.3841858e-07], [2.7284841e-11], [0.0]]
PGI:	[[0.00021248343], [0.00025616444], [0.35915497], [0.06304125], [0.016642103], [0.3566428], [0.12209955], [0.19388774], [0.36652395], [0.0004244475], [7.353042e-05], [0.08136299], [6.116084e-05], [0.11937131], [0.042689677], [0.34456804], [0.0041720876], [0.35775658], [5.6432464e-07], [0.22462074], [0.001695131], [0.08861477], [0.2935361], [0.20057775], [0.00121473], [0.015063711], [0.11564635], [0.032200415], [0.16614446], [0.00013344943], [0.08085135], [0.058685057], [0.0391586], [0.39532882], [0.100355566], [0.0007206439], [0.23161794], [0.05436471], [0.2171027], [0.006367243], [0.055518195], [0.0069159325], [0.35717285], [0.17527355], [0.032615762], [0.30559954], [0.00048199753], [0.00066776644], [0.35745972], [0.0016790167], [0.12163146], [0.014425429], [0.00065071485], [0.09483699], [0.3542439], [0.00035800683], [0.00018809471], [0.36616158], [0.26617184], [0.36591545], [0.01735553], [0.05833653], [0.00030510794], [0.06384188], [0.04907519], [0.37632528], [0.00060767925], [0.026940562], [0.21294998], [0.13203913], [0.093088046], [0.005781382], [0.041353364], [0.35653636], [0.3650324], [0.08946132], [2.2104e-05], [0.118472934], [0.04351239], [0.17457747], [0.33087325], [0.002904143], [0.18280019]]
orig_inds:	[2, 3, 4, 5, 6, 7, 8, 11, 13, 14, 15, 16, 17, 19, 20, 21, 22, 23, 24, 25, 26, 27, 28, 30, 31, 32, 33, 34, 35, 36, 37, 38, 39, 40, 41, 42, 43, 44, 45, 48, 50, 51, 53, 54, 57, 58, 59, 60, 61, 63, 64, 65, 67, 68, 69, 70, 71, 72, 73, 74, 75, 77, 78, 79, 80, 81, 82, 84, 85, 86, 87, 88, 89, 90, 91, 92, 93, 94, 95, 96, 97, 98, 99]
