
FA:	[[1.0], [1.0], [1.0], [1.0], [1.0], [1.0], [1.0], [1.0], [1.0], [1.0], [1.0], [1.0], [1.0], [1.0], [1.0], [1.0], [1.0], [1.0], [1.0], [1.0], [1.0], [1.0], [1.0], [1.0], [1.0], [1.0], [1.0], [1.0], [1.0], [1.0], [1.0], [1.0], [1.0], [1.0], [1.0], [1.0], [1.0], [1.0], [1.0], [1.0], [1.0], [1.0], [1.0], [1.0], [1.0], [1.0], [1.0], [1.0], [1.0], [1.0], [1.0], [1.0], [1.0], [1.0], [1.0], [1.0], [1.0], [1.0], [1.0], [1.0], [1.0], [1.0], [1.0], [1.0], [1.0], [1.0], [1.0], [1.0], [1.0], [1.0], [1.0], [1.0], [1.0], [1.0], [1.0], [1.0], [1.0], [1.0], [1.0], [1.0], [1.0], [1.0], [1.0], [1.0]]
RA:	[[0.25], [0.5], [0.5], [0.5], [0.5], [0.25], [0.5], [0.5], [0.5], [0.0], [0.5], [0.5], [0.5], [0.25], [0.25], [0.5], [0.5], [0.5], [0.5], [0.5], [0.25], [0.5], [0.5], [0.5], [0.5], [0.5], [0.5], [1.0], [0.5], [0.5], [0.5], [0.5], [0.5], [0.5], [0.5], [0.5], [0.25], [0.5], [0.25], [0.25], [0.5], [0.25], [0.5], [0.25], [0.5], [0.25], [0.5], [0.5], [0.25], [0.5], [0.5], [0.5], [0.5], [0.25], [0.5], [0.5], [0.5], [0.5], [0.5], [0.5], [0.5], [0.5], [0.5], [0.5], [0.5], [0.5], [0.5], [0.5], [0.5], [0.25], [0.5], [0.5], [0.5], [0.5], [0.25], [0.5], [0.5], [0.5], [0.25], [0.5], [0.5], [0.5], [0.5], [0.25]]
PGU:	[[0.0], [0.0], [0.0], [0.0], [0.0], [0.0], [0.0], [0.0], [0.0], [0.0], [0.0], [5.9604645e-08], [0.0], [0.0], [0.0], [0.0], [0.0], [0.0], [0.0], [0.0], [0.0], [0.0], [0.0], [0.0], [0.0], [0.0], [0.0], [0.0], [0.0], [0.0], [0.0], [0.0], [0.0], [0.0], [0.0], [0.0], [0.0], [0.0], [0.0], [0.0], [0.0], [0.0], [0.0], [0.0], [0.0], [0.0], [0.0], [0.0], [0.0], [0.0], [0.0], [0.0], [0.0], [0.0], [0.0], [0.0], [2.9802322e-08], [0.0], [0.0], [0.0], [0.0], [0.0], [0.0], [0.0], [0.0], [0.0], [0.0], [0.0], [0.0], [0.0], [0.0], [0.0], [0.0], [0.0], [0.0], [0.0], [0.0], [0.0], [0.0], [0.0], [2.9802322e-08], [0.0], [0.0], [0.0]]
PGI:	[[0.042601697], [0.042108912], [0.047666382], [0.044265974], [0.04081347], [0.04645574], [0.04006038], [0.04798906], [0.047569875], [0.03758923], [0.03706689], [0.044720747], [0.0333037], [0.04630964], [0.0466069], [0.04483281], [0.045772765], [0.04750286], [0.03267736], [0.046918936], [0.035711225], [0.04835914], [0.048074283], [0.047457602], [0.036853343], [0.041375197], [0.044357207], [0.03749386], [0.047154922], [0.039423015], [0.04744733], [0.04348425], [0.04159305], [0.046939455], [0.043426894], [0.04109985], [0.047813527], [0.048180286], [0.047581118], [0.03877973], [0.044562854], [0.03922124], [0.046610855], [0.04525572], [0.039744936], [0.047768254], [0.039526366], [0.03434761], [0.046948303], [0.04713204], [0.04414408], [0.04295892], [0.034476962], [0.048040383], [0.04650652], [0.044346884], [0.04063754], [0.047533054], [0.04759802], [0.04728854], [0.046907272], [0.046310205], [0.032489613], [0.047954697], [0.047719255], [0.04896206], [0.03460181], [0.036800902], [0.047676146], [0.048425246], [0.0445882], [0.03900172], [0.047150906], [0.047266185], [0.047127705], [0.0467771], [0.03946223], [0.044259224], [0.041809637], [0.0476425], [0.046701428], [0.044291425], [0.047450636], [0.03621039]]
orig_inds:	[0, 1, 2, 3, 4, 5, 6, 7, 8, 11, 13, 14, 15, 16, 17, 19, 21, 22, 23, 25, 26, 28, 30, 31, 32, 33, 34, 35, 36, 37, 38, 40, 41, 42, 43, 44, 45, 46, 48, 49, 50, 51, 53, 54, 55, 56, 57, 58, 59, 60, 61, 63, 64, 65, 68, 69, 70, 71, 72, 73, 74, 75, 76, 77, 78, 79, 80, 81, 82, 84, 85, 86, 87, 88, 89, 90, 91, 92, 93, 94, 95, 96, 98, 99]
