
FA:	[[1.0], [1.0], [1.0], [1.0], [1.0], [1.0], [1.0], [1.0], [1.0], [1.0], [1.0], [1.0], [1.0], [1.0], [1.0], [1.0], [1.0], [1.0], [1.0], [1.0], [1.0], [1.0], [1.0], [1.0], [1.0], [1.0], [1.0], [1.0], [1.0], [1.0], [1.0], [1.0], [1.0], [1.0], [1.0], [1.0], [1.0], [1.0], [1.0], [1.0], [1.0], [1.0], [1.0], [1.0], [1.0], [1.0], [1.0], [1.0], [1.0], [1.0], [1.0], [1.0], [1.0], [1.0], [1.0], [1.0], [1.0], [1.0], [1.0], [1.0], [1.0], [1.0], [1.0], [1.0], [1.0], [1.0], [1.0], [1.0], [1.0], [1.0], [1.0], [1.0], [1.0], [1.0], [1.0], [1.0], [1.0], [1.0], [1.0], [1.0], [1.0], [1.0], [1.0], [1.0]]
RA:	[[0.5], [0.5], [1.0], [0.5], [1.0], [1.0], [0.25], [1.0], [0.5], [0.5], [0.5], [0.5], [0.0], [0.5], [1.0], [0.25], [1.0], [0.5], [0.5], [0.5], [1.0], [1.0], [0.5], [0.5], [0.5], [1.0], [0.25], [0.5], [0.5], [1.0], [1.0], [0.0], [0.5], [1.0], [0.25], [0.0], [0.5], [0.5], [1.0], [0.5], [0.5], [0.0], [0.5], [0.5], [0.5], [0.5], [0.5], [0.0], [1.0], [1.0], [1.0], [0.5], [1.0], [0.0], [1.0], [1.0], [0.5], [0.25], [1.0], [0.5], [0.5], [0.5], [0.25], [0.5], [0.25], [1.0], [0.25], [1.0], [0.5], [0.5], [0.0], [0.0], [1.0], [0.5], [0.0], [1.0], [0.5], [1.0], [0.5], [0.5], [0.5], [1.0], [1.0], [1.0]]
PGU:	[[0.0], [0.0], [0.0], [0.0], [0.0], [0.0], [0.0], [0.0], [0.0], [0.0], [0.0], [5.9604645e-08], [0.0], [0.0], [0.0], [0.0], [0.0], [0.0], [0.0], [0.0], [0.0], [0.0], [0.0], [0.0], [0.0], [0.0], [0.0], [0.0], [0.0], [0.0], [0.0], [0.0], [0.0], [0.0], [0.0], [0.0], [0.0], [0.0], [0.0], [0.0], [0.0], [0.0], [0.0], [0.0], [0.0], [0.0], [0.0], [0.0], [0.0], [0.0], [0.0], [0.0], [0.0], [0.0], [0.0], [0.0], [2.9802322e-08], [0.0], [0.0], [0.0], [0.0], [0.0], [0.0], [0.0], [0.0], [0.0], [0.0], [0.0], [0.0], [0.0], [0.0], [0.0], [0.0], [0.0], [0.0], [0.0], [0.0], [0.0], [0.0], [0.0], [2.9802322e-08], [0.0], [0.0], [0.0]]
PGI:	[[0.043238558], [0.041862816], [0.047301877], [0.043233052], [0.040154062], [0.046995476], [0.040397286], [0.047494356], [0.04803009], [0.03710695], [0.036961775], [0.045071132], [0.033182852], [0.04589111], [0.04627401], [0.045167785], [0.045524277], [0.047308434], [0.03240523], [0.046488766], [0.035727173], [0.04724503], [0.047504544], [0.048853368], [0.03759661], [0.040611427], [0.044039287], [0.03650628], [0.047708336], [0.03905723], [0.04800696], [0.04340675], [0.041835472], [0.0470359], [0.043687813], [0.041519593], [0.048099373], [0.047950163], [0.047822136], [0.03934196], [0.04485495], [0.038983464], [0.04744957], [0.045393422], [0.03986915], [0.048332594], [0.03925254], [0.03477227], [0.04710278], [0.046609905], [0.04529864], [0.043008152], [0.034398653], [0.04793653], [0.048014827], [0.043898433], [0.041054312], [0.04730308], [0.047870267], [0.048171367], [0.047491066], [0.0466002], [0.03270271], [0.047796044], [0.047589563], [0.047558933], [0.034812193], [0.037087407], [0.04689106], [0.047950666], [0.044689305], [0.039462425], [0.046372134], [0.047106713], [0.04723131], [0.047455642], [0.039349433], [0.04406472], [0.042979002], [0.04800961], [0.046596922], [0.043693207], [0.048282515], [0.035587892]]
orig_inds:	[0, 1, 2, 3, 4, 5, 6, 7, 8, 11, 13, 14, 15, 16, 17, 19, 21, 22, 23, 25, 26, 28, 30, 31, 32, 33, 34, 35, 36, 37, 38, 40, 41, 42, 43, 44, 45, 46, 48, 49, 50, 51, 53, 54, 55, 56, 57, 58, 59, 60, 61, 63, 64, 65, 68, 69, 70, 71, 72, 73, 74, 75, 76, 77, 78, 79, 80, 81, 82, 84, 85, 86, 87, 88, 89, 90, 91, 92, 93, 94, 95, 96, 98, 99]
