
FA:	[]
RA:	[]
PGU:	[[0.0], [0.0], [0.0], [0.0], [0.0], [0.0], [3.259629e-09], [0.0], [0.0], [0.0], [0.0], [0.0], [2.3874236e-12], [1.6298145e-09], [0.0], [0.0], [0.0], [0.0], [0.0], [0.0], [0.0], [9.313226e-10], [2.6077032e-08], [0.0], [0.0], [0.0], [0.0], [0.0], [0.0], [0.0], [0.0], [0.0], [0.0], [5.9604645e-08], [0.0], [0.0], [0.0], [4.0745363e-10], [0.0], [0.0], [0.0], [0.0], [0.0], [0.0], [5.820766e-10], [1.4901161e-08], [0.0], [0.0], [0.0], [0.0], [0.0], [0.0], [0.0], [4.656613e-10], [0.0], [0.0], [0.0], [0.0], [1.1175871e-08], [0.0], [1.6007107e-10], [0.0], [0.0], [5.820766e-10], [0.0], [0.0], [0.0], [1.4551915e-10], [0.0], [0.0], [0.0], [0.0], [0.0], [0.0], [0.0], [0.0], [0.0], [0.0], [0.0], [0.0], [2.3841858e-07], [2.7284841e-11], [0.0], [0.0], [0.0], [0.0], [3.7252903e-08]]
PGI:	[[8.335729e-05], [0.00017716354], [0.35388237], [0.061770502], [0.015603338], [0.3574031], [0.11943098], [0.18955173], [0.36710182], [0.00038995608], [7.008301e-05], [0.07656706], [2.1744327e-05], [0.12134137], [0.04002034], [0.34028697], [0.004889573], [0.3562604], [5.317449e-07], [0.2235595], [0.0013436191], [0.086361855], [0.29274744], [0.1970413], [0.0011918728], [0.017169388], [0.1174775], [0.031000726], [0.16561359], [0.000133521], [0.080871366], [0.06480387], [0.03776892], [0.39687702], [0.09620403], [0.0007643266], [0.23123673], [0.054915387], [0.21576299], [0.0066877436], [0.05600161], [0.0063226386], [0.35547504], [0.17497097], [0.03314237], [0.30298105], [0.00040166464], [0.00070432364], [0.35629153], [0.001763637], [0.122931495], [0.01525359], [0.0007262549], [0.09794048], [0.3537646], [0.00021264126], [0.00012425055], [0.3657724], [0.26211682], [0.36799213], [0.016942553], [0.05737572], [0.000259641], [0.06199456], [0.045318846], [0.3773325], [0.00058770453], [0.025387278], [0.20549811], [0.12995185], [0.08968352], [0.006263654], [0.041459966], [0.35759974], [0.36495823], [0.08683611], [2.1265345e-05], [0.110239185], [0.04428742], [0.16755983], [0.3266054], [0.002706768], [0.18277776], [0.00049998023], [0.002111209], [0.10359781], [0.19673407]]
orig_inds:	[1, 2, 3, 4, 5, 6, 7, 8, 11, 13, 14, 15, 16, 17, 19, 20, 21, 22, 23, 24, 25, 26, 27, 28, 30, 31, 32, 33, 34, 35, 36, 37, 38, 39, 40, 41, 42, 43, 44, 45, 48, 49, 50, 51, 53, 54, 55, 56, 57, 58, 59, 60, 61, 63, 64, 65, 67, 68, 69, 70, 71, 72, 73, 74, 75, 77, 78, 79, 80, 81, 82, 84, 85, 86, 87, 88, 89, 90, 91, 92, 93, 94, 95, 96, 97, 98, 99]
