
FA:	[[1.0], [1.0], [1.0], [1.0], [1.0], [1.0], [1.0], [1.0], [1.0], [1.0], [1.0], [1.0], [1.0], [1.0], [1.0], [1.0], [1.0], [1.0], [1.0], [1.0], [1.0], [1.0], [1.0], [1.0], [1.0], [1.0], [1.0], [1.0], [1.0], [1.0], [1.0], [1.0], [1.0], [1.0], [1.0], [1.0], [1.0], [1.0], [1.0], [1.0], [1.0], [1.0], [1.0], [1.0], [1.0], [1.0], [1.0], [1.0], [1.0], [1.0], [1.0], [1.0], [1.0], [1.0], [1.0], [1.0], [1.0], [1.0], [1.0], [1.0], [1.0], [1.0], [1.0], [1.0], [1.0], [1.0], [1.0], [1.0], [1.0], [1.0], [1.0], [1.0], [1.0], [1.0], [1.0], [1.0], [1.0], [1.0], [1.0], [1.0], [1.0], [1.0], [1.0], [1.0], [1.0], [1.0], [1.0], [1.0], [1.0], [1.0]]
RA:	[[1.0], [0.5], [0.5], [1.0], [0.5], [1.0], [0.5], [0.5], [0.5], [0.5], [0.5], [0.5], [1.0], [0.5], [0.5], [0.5], [0.5], [0.5], [0.5], [1.0], [0.5], [0.5], [0.0], [0.5], [1.0], [0.5], [1.0], [0.5], [0.5], [0.5], [0.5], [0.5], [1.0], [0.5], [0.5], [1.0], [0.5], [0.5], [0.5], [0.5], [0.5], [0.5], [0.5], [1.0], [0.5], [0.5], [0.5], [0.5], [1.0], [0.5], [0.5], [0.25], [1.0], [0.5], [0.5], [0.5], [0.5], [0.5], [0.5], [0.5], [0.5], [1.0], [0.5], [0.5], [0.5], [0.5], [0.5], [1.0], [0.5], [0.5], [1.0], [0.5], [0.5], [0.5], [0.5], [0.5], [0.5], [0.5], [0.5], [0.5], [0.5], [0.5], [0.5], [0.5], [0.5], [0.5], [0.25], [0.5], [1.0], [0.5]]
PGU:	[[0.0], [0.0], [0.0], [0.0], [0.0], [0.0], [0.0], [0.0], [0.0], [0.0], [0.0], [0.0], [0.0], [0.0], [0.0], [0.0], [0.0], [0.0], [0.0], [0.0], [0.0], [0.0], [0.0], [0.0], [0.0], [0.0], [0.0], [0.0], [0.0], [0.0], [0.0], [0.0], [0.0], [0.0], [0.0], [0.0], [0.0], [0.0], [0.0], [0.0], [0.0], [0.0], [0.0], [0.0], [0.0], [0.0], [0.0], [0.0], [0.0], [0.0], [0.0], [0.0], [0.0], [0.0], [0.0], [0.0], [0.0], [0.0], [0.0], [0.0], [0.0], [0.0], [0.0], [0.0], [0.0], [0.0], [0.0], [0.0], [0.0], [0.0], [0.0], [0.0], [0.0], [0.0], [0.0], [0.0], [0.0], [0.0], [0.0], [0.0], [0.0], [0.0], [0.0], [0.0], [0.0], [0.0], [0.0], [0.0], [0.0], [0.0]]
PGI:	[[0.042788845], [0.042400613], [0.04688801], [0.043360017], [0.04014636], [0.04672586], [0.03972529], [0.047047883], [0.047170416], [0.037848473], [0.036951188], [0.045323353], [0.033715826], [0.046237517], [0.046370707], [0.04471747], [0.04599643], [0.047099397], [0.032157492], [0.047069613], [0.035396248], [0.048690915], [0.048270136], [0.04762522], [0.037458394], [0.04126339], [0.044207353], [0.03694928], [0.047371063], [0.039620306], [0.047264703], [0.043108772], [0.042293057], [0.046836264], [0.043277495], [0.040818494], [0.047860555], [0.048121598], [0.047640234], [0.039529722], [0.044847168], [0.039187565], [0.046640296], [0.045903232], [0.03992338], [0.047600895], [0.04027746], [0.034901556], [0.046741378], [0.046639122], [0.04478789], [0.04308965], [0.03428231], [0.04786708], [0.047178138], [0.04382767], [0.03996431], [0.04761571], [0.048349313], [0.047210775], [0.046216138], [0.047688473], [0.03276396], [0.04740275], [0.04785147], [0.047452666], [0.034404874], [0.03671426], [0.04645869], [0.048243478], [0.044017207], [0.038937278], [0.046269417], [0.046327107], [0.0476425], [0.04675286], [0.03949381], [0.044553746], [0.042070672], [0.04761574], [0.046744283], [0.04411699], [0.04832741], [0.03557426], [0.039685708], [0.047401763], [0.048123565], [0.047587007], [0.04585723], [0.047838997]]
orig_inds:	[0, 1, 2, 3, 5, 6, 7, 8, 9, 10, 11, 12, 13, 14, 15, 16, 17, 18, 19, 20, 22, 23, 24, 27, 29, 31, 32, 33, 34, 35, 36, 37, 38, 39, 40, 41, 42, 43, 44, 45, 46, 47, 48, 49, 50, 51, 52, 53, 54, 55, 58, 59, 60, 61, 62, 63, 65, 66, 67, 68, 69, 70, 71, 72, 73, 74, 75, 77, 78, 79, 80, 81, 82, 83, 84, 85, 86, 87, 88, 89, 90, 91, 92, 93, 94, 95, 96, 97, 98, 99]
