
FA:	[[1.0], [1.0], [1.0], [1.0], [1.0], [1.0], [1.0], [1.0], [1.0], [1.0], [1.0], [1.0], [1.0], [1.0], [1.0], [1.0], [1.0], [1.0], [1.0], [1.0], [1.0], [1.0], [1.0], [1.0], [1.0], [1.0], [1.0], [1.0], [1.0], [1.0], [1.0], [1.0], [1.0], [1.0], [1.0], [1.0], [1.0], [1.0], [1.0], [1.0], [1.0], [1.0], [1.0], [1.0], [1.0], [1.0], [1.0], [1.0], [1.0], [1.0], [1.0], [1.0], [1.0], [1.0], [1.0], [1.0], [1.0], [1.0], [1.0], [1.0], [1.0], [1.0], [1.0], [1.0], [1.0], [1.0], [1.0], [1.0], [1.0], [1.0], [1.0], [1.0], [1.0], [1.0], [1.0], [1.0], [1.0], [1.0], [1.0], [1.0], [1.0], [1.0], [1.0], [1.0], [1.0], [1.0], [1.0], [1.0], [1.0]]
RA:	[[0.5], [0.5], [0.5], [1.0], [0.25], [0.0], [0.5], [0.5], [0.5], [0.5], [0.5], [0.25], [0.5], [1.0], [0.0], [0.5], [0.5], [0.5], [0.5], [0.5], [0.5], [0.5], [0.5], [0.0], [0.5], [0.5], [0.5], [0.5], [0.5], [0.25], [0.5], [0.25], [0.5], [0.5], [0.5], [0.5], [0.25], [0.5], [0.25], [0.5], [0.5], [0.5], [0.25], [0.25], [0.0], [0.5], [0.25], [0.5], [0.25], [0.25], [0.0], [0.5], [0.5], [0.5], [0.25], [0.25], [0.5], [1.0], [0.5], [0.5], [0.0], [0.5], [0.5], [0.5], [0.0], [0.5], [0.5], [0.5], [0.5], [0.25], [0.5], [1.0], [0.5], [0.5], [0.5], [0.25], [0.5], [1.0], [0.5], [0.25], [0.25], [0.0], [0.25], [0.5], [0.5], [0.5], [0.5], [0.0], [0.5]]
PGU:	[[0.0], [0.0], [0.0], [0.0], [0.0], [0.0], [0.0], [0.0], [0.0], [0.0], [0.0], [0.0], [0.0], [0.0], [0.0], [0.0], [0.0], [0.0], [0.0], [0.0], [0.0], [0.0], [0.0], [0.0], [0.0], [0.0], [0.0], [0.0], [0.0], [0.0], [0.0], [0.0], [0.0], [0.0], [0.0], [0.0], [0.0], [0.0], [0.0], [0.0], [0.0], [0.0], [0.0], [0.0], [0.0], [0.0], [0.0], [0.0], [0.0], [0.0], [0.0], [0.0], [0.0], [0.0], [0.0], [0.0], [0.0], [0.0], [0.0], [0.0], [0.0], [0.0], [0.0], [0.0], [0.0], [0.0], [0.0], [0.0], [0.0], [0.0], [0.0], [0.0], [0.0], [0.0], [0.0], [0.0], [0.0], [0.0], [0.0], [0.0], [0.0], [0.0], [0.0], [0.0], [0.0], [0.0], [0.0], [0.0], [0.0]]
PGI:	[[0.042705525], [0.04208176], [0.04694973], [0.04328605], [0.040720712], [0.04709752], [0.040063735], [0.047774028], [0.0482659], [0.037585925], [0.03682831], [0.044967942], [0.033832856], [0.046115283], [0.046594605], [0.045244798], [0.044832256], [0.046810985], [0.032613933], [0.046849504], [0.035811897], [0.04775576], [0.047576256], [0.04767066], [0.037200335], [0.040843315], [0.043576375], [0.036918737], [0.047319144], [0.03965303], [0.047968287], [0.043805625], [0.042121127], [0.046799626], [0.044254377], [0.04103763], [0.048250545], [0.047908053], [0.048203893], [0.038915966], [0.04485294], [0.03896336], [0.046958867], [0.045966472], [0.04005], [0.04768363], [0.039429776], [0.034537952], [0.047424015], [0.046022978], [0.044917073], [0.042910002], [0.034368053], [0.04761063], [0.047478016], [0.043842025], [0.04031557], [0.04754143], [0.04768131], [0.04775979], [0.046658736], [0.04689231], [0.03248631], [0.048042983], [0.04704064], [0.047895197], [0.034473628], [0.036812406], [0.047057], [0.048036102], [0.04468647], [0.039149165], [0.045660492], [0.046242714], [0.04749821], [0.046522558], [0.03961189], [0.044075247], [0.042208962], [0.047967326], [0.046412703], [0.04392401], [0.04776315], [0.035622127], [0.039974377], [0.047585443], [0.047593012], [0.047727574], [0.045950774]]
orig_inds:	[0, 1, 2, 3, 4, 5, 6, 7, 8, 9, 10, 11, 12, 13, 14, 15, 16, 17, 18, 19, 20, 22, 23, 24, 25, 26, 27, 28, 29, 30, 31, 32, 33, 34, 35, 36, 37, 38, 39, 41, 42, 43, 45, 46, 47, 48, 49, 50, 52, 53, 54, 55, 57, 58, 59, 60, 62, 63, 64, 65, 66, 67, 68, 69, 70, 71, 72, 73, 75, 76, 77, 78, 79, 80, 81, 82, 83, 84, 85, 87, 89, 90, 91, 93, 94, 95, 96, 98, 99]
