
FA:	[[1.0], [1.0], [1.0], [1.0], [1.0], [1.0], [1.0], [1.0], [1.0], [1.0], [1.0], [1.0], [1.0], [1.0], [1.0], [1.0], [1.0], [1.0], [1.0], [1.0], [1.0], [1.0], [1.0], [1.0], [1.0], [1.0], [1.0], [1.0], [1.0], [1.0], [1.0], [1.0], [1.0], [1.0], [1.0], [1.0], [1.0], [1.0], [1.0], [1.0], [1.0], [1.0], [1.0], [1.0], [1.0], [1.0], [1.0], [1.0], [1.0], [1.0], [1.0], [1.0], [1.0], [1.0], [1.0], [1.0], [1.0], [1.0], [1.0], [1.0], [1.0], [1.0], [1.0], [1.0], [1.0], [1.0], [1.0], [1.0], [1.0], [1.0], [1.0], [1.0], [1.0], [1.0], [1.0], [1.0], [1.0], [1.0], [1.0], [1.0], [1.0], [1.0], [1.0], [1.0]]
RA:	[[0.5], [0.0], [0.5], [0.5], [1.0], [0.5], [0.0], [1.0], [0.5], [1.0], [0.5], [1.0], [1.0], [0.5], [0.5], [0.5], [0.5], [0.5], [0.5], [1.0], [0.5], [0.5], [0.5], [1.0], [0.5], [1.0], [1.0], [1.0], [0.5], [0.5], [0.25], [0.5], [1.0], [0.25], [0.5], [1.0], [0.5], [0.5], [0.5], [1.0], [0.5], [1.0], [0.5], [0.5], [0.5], [1.0], [0.5], [1.0], [0.5], [0.5], [0.5], [0.5], [0.5], [1.0], [0.5], [1.0], [0.5], [1.0], [1.0], [0.5], [1.0], [1.0], [0.5], [0.5], [0.5], [1.0], [0.5], [0.5], [1.0], [0.5], [0.5], [0.5], [0.5], [0.5], [0.25], [0.5], [0.5], [0.5], [0.5], [0.5], [1.0], [0.0], [1.0], [1.0]]
PGU:	[[0.0], [0.0], [0.0], [0.0], [0.0], [0.0], [0.0], [0.0], [0.0], [0.0], [0.0], [5.9604645e-08], [0.0], [0.0], [0.0], [0.0], [0.0], [0.0], [0.0], [0.0], [0.0], [0.0], [0.0], [0.0], [0.0], [0.0], [0.0], [0.0], [0.0], [0.0], [0.0], [0.0], [0.0], [0.0], [0.0], [0.0], [0.0], [0.0], [0.0], [0.0], [0.0], [0.0], [0.0], [0.0], [0.0], [0.0], [0.0], [0.0], [0.0], [0.0], [0.0], [0.0], [0.0], [0.0], [0.0], [0.0], [2.9802322e-08], [0.0], [0.0], [0.0], [0.0], [0.0], [0.0], [0.0], [0.0], [0.0], [0.0], [0.0], [0.0], [0.0], [0.0], [0.0], [0.0], [0.0], [0.0], [0.0], [0.0], [0.0], [0.0], [0.0], [2.9802322e-08], [0.0], [0.0], [0.0]]
PGI:	[[0.042781502], [0.042427406], [0.047306407], [0.043139357], [0.04043989], [0.047620732], [0.040523462], [0.047850646], [0.047866207], [0.037376966], [0.037235107], [0.044523403], [0.033387236], [0.04646965], [0.04625254], [0.045604628], [0.045120206], [0.046736922], [0.032726683], [0.047393195], [0.036033224], [0.048285324], [0.047780838], [0.048022505], [0.03729301], [0.040481456], [0.044029247], [0.036851954], [0.047600396], [0.038848545], [0.047402747], [0.043241307], [0.042434562], [0.047287244], [0.043962], [0.041439053], [0.048374165], [0.047726765], [0.047330376], [0.03924812], [0.045024], [0.038966212], [0.04748792], [0.0455943], [0.03984354], [0.04824072], [0.039288044], [0.034457546], [0.046719942], [0.04682517], [0.044477627], [0.04231118], [0.034257352], [0.047178123], [0.046960466], [0.044038054], [0.04030528], [0.04819069], [0.046980876], [0.047169186], [0.04720487], [0.047063734], [0.0325877], [0.047196236], [0.04830664], [0.0484309], [0.034894746], [0.037305024], [0.047211934], [0.04811779], [0.044443253], [0.03882915], [0.046336044], [0.04707907], [0.04769447], [0.046475753], [0.038914174], [0.044959623], [0.041063964], [0.0473021], [0.046294045], [0.043991156], [0.047460034], [0.0359978]]
orig_inds:	[0, 1, 2, 3, 4, 5, 6, 7, 8, 11, 13, 14, 15, 16, 17, 19, 21, 22, 23, 25, 26, 28, 30, 31, 32, 33, 34, 35, 36, 37, 38, 40, 41, 42, 43, 44, 45, 46, 48, 49, 50, 51, 53, 54, 55, 56, 57, 58, 59, 60, 61, 63, 64, 65, 68, 69, 70, 71, 72, 73, 74, 75, 76, 77, 78, 79, 80, 81, 82, 84, 85, 86, 87, 88, 89, 90, 91, 92, 93, 94, 95, 96, 98, 99]
