
FA:	[[0.0], [0.0], [0.0], [0.0], [0.0], [1.0], [1.0], [1.0], [0.0], [1.0], [1.0], [1.0], [0.0], [0.0], [0.0], [0.0], [0.0], [0.0], [0.0], [1.0], [0.0], [1.0], [0.0], [0.0], [0.0], [0.0], [0.0], [1.0], [0.0], [0.0], [0.0], [1.0], [1.0], [0.0], [0.0], [0.0], [1.0], [0.0], [0.0], [0.0], [0.0], [1.0], [0.0], [0.0], [0.0], [0.0], [0.0]]
RA:	[[0.0], [0.0], [0.0], [0.0], [0.0], [1.0], [1.0], [1.0], [0.0], [1.0], [1.0], [1.0], [0.0], [0.0], [0.0], [0.0], [0.0], [0.0], [0.0], [1.0], [0.0], [1.0], [0.0], [0.0], [0.0], [0.0], [0.0], [1.0], [0.0], [0.0], [0.0], [1.0], [1.0], [0.0], [0.0], [0.0], [1.0], [0.0], [0.0], [0.0], [0.0], [1.0], [0.0], [0.0], [0.0], [0.0], [0.0]]
PGU:	[[0.07529893], [0.18558505], [0.23064566], [0.09878405], [0.08752307], [0.019879432], [0.18880521], [0.034771565], [0.12678355], [0.0049060117], [0.18489324], [0.0925916], [0.24436072], [0.04506758], [0.18336123], [0.3619506], [0.306326], [0.1651368], [0.18030721], [0.19191955], [0.3659425], [0.0031005219], [0.3326557], [0.1463271], [0.21632703], [0.3288715], [0.3729068], [0.001090802], [0.16332874], [0.025851533], [0.02942711], [0.10678104], [0.17816427], [0.22908178], [0.18652582], [0.3730567], [0.0017518707], [0.29047233], [0.37689522], [0.30847296], [0.38225704], [0.0025885575], [0.26804176], [0.21107283], [0.10586309], [0.0954923], [0.21570157]]
PGI:	[[1.952083e-05], [0.013700913], [0.009124868], [0.00071036053], [2.6608843e-05], [0.16941458], [0.3655615], [0.2039012], [7.015521e-05], [0.09479918], [0.36133787], [0.28761134], [0.00062240293], [5.655718e-06], [0.00023814604], [0.0031878937], [0.0008819193], [0.000278698], [0.00020944186], [0.3623755], [0.13978344], [0.08108554], [0.002259465], [0.00012189381], [0.0004188555], [0.001117499], [0.061580278], [0.049429003], [0.00016083226], [1.7565073e-06], [0.0001428283], [0.30073553], [0.353224], [0.01102648], [0.013420411], [0.14367431], [0.062752664], [0.05899082], [0.06736367], [0.075443484], [0.0693733], [0.07676925], [0.0008460969], [0.021885099], [4.8291415e-05], [0.0006073415], [0.0070441053]]
orig_inds:	[1, 7, 13, 15, 16, 17, 18, 19, 21, 22, 23, 24, 26, 27, 30, 31, 36, 37, 38, 40, 41, 42, 44, 48, 50, 54, 55, 56, 61, 62, 63, 65, 66, 68, 73, 74, 75, 76, 78, 80, 82, 85, 88, 92, 95, 96, 99]
