
FA:	[[0.0], [0.0], [0.0], [0.0], [0.0], [1.0], [1.0], [1.0], [0.0], [1.0], [1.0], [1.0], [0.0], [0.0], [0.0], [0.0], [0.0], [0.0], [0.0], [1.0], [0.0], [1.0], [0.0], [0.0], [0.0], [0.0], [0.0], [1.0], [0.0], [0.0], [0.0], [1.0], [1.0], [0.0], [0.0], [0.0], [1.0], [0.0], [0.0], [0.0], [0.0], [1.0], [0.0], [0.0], [0.0], [0.0], [0.0]]
RA:	[[0.0], [0.0], [0.0], [0.0], [0.0], [1.0], [1.0], [1.0], [0.0], [1.0], [1.0], [1.0], [0.0], [0.0], [0.0], [0.0], [0.0], [0.0], [0.0], [1.0], [0.0], [1.0], [0.0], [0.0], [0.0], [0.0], [0.0], [1.0], [0.0], [0.0], [0.0], [1.0], [1.0], [0.0], [0.0], [0.0], [1.0], [0.0], [0.0], [0.0], [0.0], [1.0], [0.0], [0.0], [0.0], [0.0], [0.0]]
PGU:	[[0.07448534], [0.18525086], [0.22309627], [0.100057654], [0.085058466], [0.019799119], [0.18775289], [0.034890622], [0.12442765], [0.0046799355], [0.18755072], [0.09329736], [0.23970069], [0.04412457], [0.18865708], [0.36152652], [0.3012867], [0.16923027], [0.18053748], [0.19158208], [0.36402336], [0.0030536985], [0.33395812], [0.14995854], [0.21771975], [0.32701132], [0.37166324], [0.0011279293], [0.1625961], [0.025692245], [0.029493926], [0.10678726], [0.17550096], [0.22939432], [0.1821069], [0.37538326], [0.001780871], [0.2947048], [0.37614504], [0.3090943], [0.37877062], [0.0025359401], [0.2625329], [0.2121143], [0.10550864], [0.09570528], [0.20819345]]
PGI:	[[1.9406862e-05], [0.013244551], [0.009303885], [0.000702518], [2.6939302e-05], [0.16638443], [0.3648132], [0.20110835], [7.100556e-05], [0.09489944], [0.36452362], [0.28126007], [0.00061629544], [5.517316e-06], [0.00023651053], [0.003231023], [0.00087377604], [0.00027824743], [0.00021041743], [0.36486638], [0.13965748], [0.08257697], [0.0022306086], [0.00012291306], [0.0004251792], [0.0011106189], [0.061362773], [0.053532887], [0.00015702115], [1.7209283e-06], [0.00014689227], [0.3007684], [0.3553824], [0.011016499], [0.013544075], [0.14474179], [0.06280387], [0.059750408], [0.067027465], [0.07488097], [0.07033694], [0.07734567], [0.0008569617], [0.022220252], [4.812997e-05], [0.00061786326], [0.0070502777]]
orig_inds:	[1, 7, 13, 15, 16, 17, 18, 19, 21, 22, 23, 24, 26, 27, 30, 31, 36, 37, 38, 40, 41, 42, 44, 48, 50, 54, 55, 56, 61, 62, 63, 65, 66, 68, 73, 74, 75, 76, 78, 80, 82, 85, 88, 92, 95, 96, 99]
