
FA:	[[0.2], [0.6], [0.6], [0.4], [0.2], [0.6], [0.4], [0.4], [0.2], [0.4], [0.6], [0.4], [0.4], [0.4], [0.2], [0.6], [0.2], [0.4], [0.4], [0.8], [0.8], [0.4], [0.2], [0.4], [0.4], [0.2], [0.6], [0.6], [0.2], [0.2], [0.6], [0.8], [0.6], [0.6], [0.6], [0.6], [0.4], [0.6], [0.4], [0.4], [0.4], [0.6], [0.2], [0.2], [0.2], [0.6], [0.6]]
RA:	[[0.0], [0.0], [0.0], [0.0], [0.0], [0.2], [0.4], [0.4], [0.0], [0.2], [0.2], [0.4], [0.0], [0.2], [0.0], [0.2], [0.0], [0.0], [0.0], [0.2], [0.0], [0.2], [0.0], [0.0], [0.0], [0.0], [0.0], [0.2], [0.0], [0.0], [0.2], [0.4], [0.2], [0.2], [0.0], [0.0], [0.2], [0.0], [0.0], [0.0], [0.0], [0.6], [0.0], [0.0], [0.0], [0.2], [0.0]]
PGU:	[[0.07541079], [0.18257527], [0.019544808], [0.0032552662], [0.085475974], [0.009288511], [0.1483109], [0.022909073], [0.1243267], [0.0041666795], [0.1570476], [0.05932353], [0.03155589], [0.043801002], [0.1797146], [0.1578919], [0.29972118], [0.1614232], [0.17460223], [0.10569895], [0.10605713], [0.0017523535], [0.33488083], [0.14032695], [0.21276397], [0.13430747], [0.11489226], [0.00080259284], [0.15869838], [0.02761915], [0.000110826346], [0.04929176], [0.10676747], [0.022739448], [0.012241002], [0.3719418], [0.0014870929], [0.054908898], [0.37610143], [0.08111783], [0.19069314], [0.0010090454], [0.2580217], [0.21925063], [0.0052740243], [0.0014227099], [0.015230635]]
PGI:	[[0.0005379234], [0.01891467], [0.22675496], [0.09296931], [0.00063598325], [0.17288657], [0.36678165], [0.20519324], [0.0019699892], [0.100349545], [0.36913687], [0.28709784], [0.24213362], [0.00021850738], [0.014007528], [0.3622812], [0.039513946], [0.011817157], [0.013128276], [0.36812767], [0.36865824], [0.08370674], [0.056350745], [0.007917261], [0.027564295], [0.32324305], [0.36741537], [0.055597547], [0.0043376535], [4.6732577e-05], [0.026790924], [0.29912126], [0.35870728], [0.22198369], [0.18897165], [0.18463622], [0.067915164], [0.29067743], [0.13453321], [0.31235597], [0.37597993], [0.07487778], [0.0426676], [0.023578038], [0.1050197], [0.091667764], [0.21118987]]
orig_inds:	[1, 7, 13, 15, 16, 17, 18, 19, 21, 22, 23, 24, 26, 27, 30, 31, 36, 37, 38, 40, 41, 42, 44, 48, 50, 54, 55, 56, 61, 62, 63, 65, 66, 68, 73, 74, 75, 76, 78, 80, 82, 85, 88, 92, 95, 96, 99]
