
FA:	[[0.0], [0.3333333333333333], [0.3333333333333333], [0.3333333333333333], [0.0], [0.6666666666666666], [0.6666666666666666], [0.6666666666666666], [0.0], [0.3333333333333333], [0.3333333333333333], [0.6666666666666666], [0.3333333333333333], [0.3333333333333333], [0.0], [0.3333333333333333], [0.3333333333333333], [0.3333333333333333], [0.0], [1.0], [0.6666666666666666], [0.3333333333333333], [0.0], [0.0], [0.0], [0.3333333333333333], [0.3333333333333333], [0.3333333333333333], [0.0], [0.0], [0.6666666666666666], [0.6666666666666666], [0.6666666666666666], [0.6666666666666666], [0.6666666666666666], [0.3333333333333333], [0.6666666666666666], [0.6666666666666666], [0.3333333333333333], [0.3333333333333333], [0.0], [0.6666666666666666], [0.3333333333333333], [0.3333333333333333], [0.0], [0.6666666666666666], [0.3333333333333333]]
RA:	[[0.0], [0.0], [0.0], [0.0], [0.0], [0.3333333333333333], [0.6666666666666666], [0.6666666666666666], [0.0], [0.3333333333333333], [0.3333333333333333], [0.6666666666666666], [0.0], [0.3333333333333333], [0.0], [0.3333333333333333], [0.0], [0.0], [0.0], [0.3333333333333333], [0.0], [0.3333333333333333], [0.0], [0.0], [0.0], [0.0], [0.0], [0.3333333333333333], [0.0], [0.0], [0.0], [0.6666666666666666], [0.3333333333333333], [0.3333333333333333], [0.0], [0.0], [0.3333333333333333], [0.0], [0.0], [0.0], [0.0], [0.6666666666666666], [0.0], [0.0], [0.0], [0.3333333333333333], [0.0]]
PGU:	[[0.07953818], [0.18167198], [0.2272418], [0.0032824578], [0.09241248], [0.017273307], [0.1492048], [0.022813072], [0.12772137], [0.004325151], [0.17162718], [0.059044275], [0.052376788], [0.04437625], [0.1826089], [0.35887828], [0.3031338], [0.1685607], [0.17824012], [0.12540671], [0.13116121], [0.0031390875], [0.33546713], [0.14646132], [0.21721624], [0.13638133], [0.36996758], [0.00076610065], [0.16301084], [0.027017437], [0.00016352764], [0.075504355], [0.12331616], [0.022764776], [0.012401642], [0.3689896], [0.001448032], [0.055973895], [0.37664923], [0.30336842], [0.37867552], [0.0012579199], [0.25759116], [0.21253149], [0.10706769], [0.0017966985], [0.2099189]]
PGI:	[[0.00011659255], [0.016233178], [0.029480027], [0.09194972], [4.207142e-05], [0.17180437], [0.36532533], [0.20443168], [0.00010719019], [0.1018466], [0.36002088], [0.2917573], [0.23273276], [0.00015304935], [0.00049671676], [0.078386046], [0.039259203], [0.011587586], [0.004910601], [0.36971217], [0.36453694], [0.08150933], [0.0033605378], [0.0029093928], [0.002501073], [0.32637408], [0.15046178], [0.0540114], [0.00023695383], [2.661107e-06], [0.031024802], [0.30164823], [0.35424042], [0.22517774], [0.18299703], [0.17049675], [0.06368821], [0.2862814], [0.13765882], [0.07585467], [0.10572457], [0.076569155], [0.042078566], [0.021684062], [7.481772e-05], [0.09415769], [0.022562644]]
orig_inds:	[1, 7, 13, 15, 16, 17, 18, 19, 21, 22, 23, 24, 26, 27, 30, 31, 36, 37, 38, 40, 41, 42, 44, 48, 50, 54, 55, 56, 61, 62, 63, 65, 66, 68, 73, 74, 75, 76, 78, 80, 82, 85, 88, 92, 95, 96, 99]
