
FA:	[0.0, 0.3611111111111111, 0.19444444444444445, 0.3194444444444444, 0.0, 0.6388888888888888, 0.8055555555555555, 0.8055555555555555, 0.0, 0.48611111111111105, 0.48611111111111105, 0.8055555555555555, 0.19444444444444445, 0.1527777777777778, 0.04166666666666667, 0.1527777777777778, 0.1527777777777778, 0.1527777777777778, 0.0, 0.7916666666666667, 0.6388888888888888, 0.5277777777777777, 0.0, 0.0, 0.04166666666666667, 0.3194444444444444, 0.19444444444444445, 0.5277777777777777, 0.04166666666666667, 0.0, 0.4722222222222222, 0.8055555555555555, 0.6388888888888888, 0.4722222222222222, 0.4722222222222222, 0.3611111111111111, 0.6388888888888888, 0.6388888888888888, 0.1527777777777778, 0.3611111111111111, 0.0, 0.8055555555555555, 0.1527777777777778, 0.3194444444444444, 0.0, 0.4722222222222222, 0.19444444444444445]
RA:	[0.0, 0.0, 0.0, 0.0, 0.0, 0.48611111111111105, 0.8055555555555555, 0.8055555555555555, 0.0, 0.48611111111111105, 0.48611111111111105, 0.8055555555555555, 0.0, 0.1527777777777778, 0.0, 0.1527777777777778, 0.0, 0.0, 0.0, 0.48611111111111105, 0.0, 0.48611111111111105, 0.0, 0.0, 0.0, 0.0, 0.0, 0.48611111111111105, 0.0, 0.0, 0.0, 0.8055555555555555, 0.48611111111111105, 0.3194444444444444, 0.0, 0.0, 0.48611111111111105, 0.0, 0.0, 0.0, 0.0, 0.8055555555555555, 0.0, 0.0, 0.0, 0.3194444444444444, 0.0]
PGU:	[0.07697024196386337, 0.18442002932230633, 0.1930771271387736, 0.019870851654559374, 0.0856958975394567, 0.017827237024903297, 0.15525777637958527, 0.024323152999083202, 0.12497227638959885, 0.004188979665438334, 0.17770362397034964, 0.06545871123671532, 0.14549458771944043, 0.04484545563658079, 0.18689152598381042, 0.3621644775072733, 0.3013578156630198, 0.1690356582403183, 0.17721828818321228, 0.1524960647026698, 0.1765562842289607, 0.002906734977538387, 0.3366513649622599, 0.15021607279777527, 0.21755101283391315, 0.16757119695345563, 0.3296388487021128, 0.0008842186459029714, 0.16331717371940613, 0.02597196027636528, 0.014335883800716449, 0.07839493205149968, 0.1448602800567945, 0.12131773680448532, 0.10100449559589227, 0.37106148401896155, 0.001517180159377555, 0.09690258527795473, 0.3771686752637227, 0.2679109772046407, 0.3795496026674906, 0.00152752463084956, 0.25970013936360675, 0.21297119557857513, 0.10745571802059808, 0.04656308090003828, 0.176772840321064]
PGI:	[6.876762563479133e-05, 0.0161460746700565, 0.05137273762375117, 0.07727216059962908, 0.00013891964166153534, 0.16821130613485974, 0.3685033818085988, 0.20695311824480694, 0.00015324716271910194, 0.09841505438089371, 0.3629084626833598, 0.2864571114381155, 0.11806451696126413, 8.87295943054293e-05, 0.0024544399154062075, 0.045370245197167, 0.032497756804029145, 0.007188488108416399, 0.0026052021809543175, 0.36647265156110126, 0.3296924630800883, 0.08102745562791824, 0.003145775059238076, 0.0015006851754151285, 0.004768649290781469, 0.27050678928693134, 0.14356899758179983, 0.05305629223585129, 0.0009036118475099405, 2.459635425111628e-06, 0.014765438162915721, 0.30061450600624084, 0.3569844762484232, 0.1232360104719798, 0.1010363275806109, 0.16461420059204102, 0.06441948811213176, 0.2497074653704961, 0.1171943967541059, 0.11343195537726085, 0.08820715298255286, 0.07700535903374355, 0.021871625329367816, 0.021734970311323803, 7.311116496566683e-05, 0.04782092831252764, 0.0456202217998604]
orig_inds:	[1, 7, 13, 15, 16, 17, 18, 19, 21, 22, 23, 24, 26, 27, 30, 31, 36, 37, 38, 40, 41, 42, 44, 48, 50, 54, 55, 56, 61, 62, 63, 65, 66, 68, 73, 74, 75, 76, 78, 80, 82, 85, 88, 92, 95, 96, 99]
