
FA:	[0.0, 0.3333333333333333, 0.08333333333333333, 0.3333333333333333, 0.0, 0.6666666666666666, 0.9166666666666666, 0.9166666666666666, 0.0, 0.5833333333333333, 0.5833333333333333, 0.9166666666666666, 0.08333333333333333, 0.08333333333333333, 0.0, 0.08333333333333333, 0.08333333333333333, 0.08333333333333333, 0.0, 0.75, 0.6666666666666666, 0.5833333333333333, 0.0, 0.0, 0.0, 0.3333333333333333, 0.08333333333333333, 0.5833333333333333, 0.0, 0.0, 0.41666666666666663, 0.9166666666666666, 0.6666666666666666, 0.41666666666666663, 0.41666666666666663, 0.3333333333333333, 0.6666666666666666, 0.6666666666666666, 0.08333333333333333, 0.3333333333333333, 0.0, 0.9166666666666666, 0.08333333333333333, 0.3333333333333333, 0.0, 0.41666666666666663, 0.08333333333333333]
RA:	[0.0, 0.0, 0.0, 0.0, 0.0, 0.5833333333333333, 0.9166666666666666, 0.9166666666666666, 0.0, 0.5833333333333333, 0.5833333333333333, 0.9166666666666666, 0.0, 0.08333333333333333, 0.0, 0.08333333333333333, 0.0, 0.0, 0.0, 0.5833333333333333, 0.0, 0.5833333333333333, 0.0, 0.0, 0.0, 0.0, 0.0, 0.5833333333333333, 0.0, 0.0, 0.0, 0.9166666666666666, 0.5833333333333333, 0.3333333333333333, 0.0, 0.0, 0.5833333333333333, 0.0, 0.0, 0.0, 0.0, 0.9166666666666666, 0.0, 0.0, 0.0, 0.3333333333333333, 0.0]
PGU:	[0.07685299962759018, 0.18389607965946198, 0.22904576361179352, 0.02810885978396982, 0.08713915571570396, 0.01810636557638645, 0.15910732746124268, 0.025418520905077457, 0.12142940983176231, 0.004212415311485529, 0.18189118802547455, 0.07007871940732002, 0.1941295936703682, 0.04624307155609131, 0.18364908546209335, 0.36506175994873047, 0.3000144958496094, 0.17111243307590485, 0.1752452254295349, 0.16879062354564667, 0.19689689576625824, 0.0031835848931223154, 0.33514076471328735, 0.14758074283599854, 0.21712113916873932, 0.18297452479600906, 0.3717251420021057, 0.000948223692830652, 0.1625099629163742, 0.027398109436035156, 0.023541538044810295, 0.08248414099216461, 0.1615314781665802, 0.17482152953743935, 0.14333661273121834, 0.3708244115114212, 0.0015491028898395598, 0.11878995038568974, 0.3769569844007492, 0.30636630952358246, 0.3798142075538635, 0.001656177919358015, 0.26177725195884705, 0.21053487807512283, 0.10820350050926208, 0.06842860579490662, 0.2129974365234375]
PGI:	[4.4613092541112565e-05, 0.015499935951083899, 0.01439144928008318, 0.07028006948530674, 3.6219322282704525e-05, 0.16790638118982315, 0.3678792864084244, 0.2034173235297203, 9.509797018836252e-05, 0.09910440072417259, 0.3645836263895035, 0.2846062332391739, 0.05989051581127569, 4.2343064706074074e-05, 0.00035297304566483945, 0.022454676683992147, 0.029087411239743233, 0.005098780966363847, 0.00140761086368002, 0.36648714542388916, 0.3101748824119568, 0.0819137841463089, 0.0029679674189537764, 0.0008410803930019028, 0.0009649239655118436, 0.24529537558555603, 0.08454715833067894, 0.053235191851854324, 0.00021166173974052072, 2.3413144845108036e-06, 0.007596220908453688, 0.3014013171195984, 0.35750025510787964, 0.07085431553423405, 0.057632763870060444, 0.1568014845252037, 0.06506168842315674, 0.2319376990199089, 0.10674010589718819, 0.07573193311691284, 0.07847650349140167, 0.07935791462659836, 0.011550032766535878, 0.021827397868037224, 6.529907477670349e-05, 0.024179492495022714, 0.011125624645501375]
orig_inds:	[1, 7, 13, 15, 16, 17, 18, 19, 21, 22, 23, 24, 26, 27, 30, 31, 36, 37, 38, 40, 41, 42, 44, 48, 50, 54, 55, 56, 61, 62, 63, 65, 66, 68, 73, 74, 75, 76, 78, 80, 82, 85, 88, 92, 95, 96, 99]
