
FA:	[[0.0], [0.5], [0.5], [0.25], [0.0], [0.5], [0.5], [0.5], [0.0], [0.25], [0.25], [0.5], [0.5], [0.25], [0.25], [0.25], [0.25], [0.25], [0.0], [0.75], [0.5], [0.5], [0.0], [0.0], [0.25], [0.25], [0.5], [0.5], [0.25], [0.0], [0.5], [0.5], [0.5], [0.5], [0.5], [0.5], [0.5], [0.5], [0.25], [0.5], [0.0], [0.5], [0.25], [0.25], [0.0], [0.5], [0.5]]
RA:	[[0.0], [0.0], [0.0], [0.0], [0.0], [0.25], [0.5], [0.5], [0.0], [0.25], [0.25], [0.5], [0.0], [0.25], [0.0], [0.25], [0.0], [0.0], [0.0], [0.25], [0.0], [0.25], [0.0], [0.0], [0.0], [0.0], [0.0], [0.25], [0.0], [0.0], [0.0], [0.5], [0.25], [0.25], [0.0], [0.0], [0.25], [0.0], [0.0], [0.0], [0.0], [0.5], [0.0], [0.0], [0.0], [0.25], [0.0]]
PGU:	[[0.07699195], [0.17538404], [0.025962926], [0.0032727385], [0.08659781], [0.01724891], [0.14648983], [0.022286562], [0.12132569], [0.0040836083], [0.1708618], [0.059205275], [0.03412673], [0.04521266], [0.18086985], [0.35780144], [0.30080563], [0.16412145], [0.16891375], [0.10560752], [0.1311733], [0.0016721729], [0.33346465], [0.14729607], [0.20877022], [0.13493674], [0.1363976], [0.0007919434], [0.15884392], [0.026765153], [0.00014029467], [0.064331695], [0.10821296], [0.022299035], [0.012123431], [0.37372077], [0.0014139806], [0.055543896], [0.3748098], [0.08103554], [0.38110358], [0.0012410088], [0.25602365], [0.21337734], [0.109749295], [0.001475214], [0.02037841]]
PGI:	[[0.00011769626], [0.018984504], [0.23139124], [0.0918458], [0.0006403651], [0.17158052], [0.36733413], [0.21307036], [0.00043342286], [0.1013362], [0.36681825], [0.284402], [0.23953386], [0.00022033854], [0.012472489], [0.10354144], [0.039375428], [0.011187903], [0.0049148416], [0.3709515], [0.36688992], [0.08357114], [0.003578793], [0.0028851803], [0.021846836], [0.32379237], [0.36728212], [0.05273322], [0.004343386], [2.7984115e-06], [0.03150313], [0.3066366], [0.3582476], [0.21796824], [0.18592493], [0.18636058], [0.06634564], [0.2891124], [0.13789088], [0.31043306], [0.108205736], [0.07998956], [0.042387426], [0.021846922], [0.00010510906], [0.094135776], [0.21091475]]
orig_inds:	[1, 7, 13, 15, 16, 17, 18, 19, 21, 22, 23, 24, 26, 27, 30, 31, 36, 37, 38, 40, 41, 42, 44, 48, 50, 54, 55, 56, 61, 62, 63, 65, 66, 68, 73, 74, 75, 76, 78, 80, 82, 85, 88, 92, 95, 96, 99]
