
FA:	[0.0, 0.25, 0.0, 0.25, 0.0, 0.75, 1.0, 1.0, 0.0, 0.75, 0.75, 1.0, 0.0, 0.0, 0.0, 0.0, 0.0, 0.0, 0.0, 0.75, 0.5, 0.75, 0.0, 0.0, 0.0, 0.25, 0.0, 0.75, 0.0, 0.0, 0.25, 1.0, 0.75, 0.25, 0.25, 0.25, 0.75, 0.5, 0.0, 0.25, 0.0, 1.0, 0.0, 0.25, 0.0, 0.25, 0.0]
RA:	[0.0, 0.0, 0.0, 0.0, 0.0, 0.75, 1.0, 1.0, 0.0, 0.75, 0.75, 1.0, 0.0, 0.0, 0.0, 0.0, 0.0, 0.0, 0.0, 0.75, 0.0, 0.75, 0.0, 0.0, 0.0, 0.0, 0.0, 0.75, 0.0, 0.0, 0.0, 1.0, 0.75, 0.25, 0.0, 0.0, 0.75, 0.0, 0.0, 0.0, 0.0, 1.0, 0.0, 0.0, 0.0, 0.25, 0.0]
PGU:	[0.0783127099275589, 0.18624252080917358, 0.22805719077587128, 0.05095098167657852, 0.09117412567138672, 0.01895591989159584, 0.17027617990970612, 0.02919110655784607, 0.1252281665802002, 0.004626143258064985, 0.18442749977111816, 0.07889676839113235, 0.2431955635547638, 0.04604380950331688, 0.18521222472190857, 0.3646721839904785, 0.3037050664424896, 0.17100563645362854, 0.1795899122953415, 0.18458132445812225, 0.25754305720329285, 0.003036457346752286, 0.3327300548553467, 0.15202829241752625, 0.21931397914886475, 0.23249617218971252, 0.37115776538848877, 0.001008920487947762, 0.16196295619010925, 0.026881089434027672, 0.031582582741975784, 0.09053418040275574, 0.17158058285713196, 0.2232450246810913, 0.1835780292749405, 0.3720308542251587, 0.0016204910352826118, 0.1764548271894455, 0.3758147656917572, 0.3065527677536011, 0.38055068254470825, 0.0019145088735967875, 0.2626529335975647, 0.21504925191402435, 0.10803680866956711, 0.09085957705974579, 0.21481725573539734]
PGI:	[2.0709409000119194e-05, 0.01459775771945715, 0.009397270157933235, 0.04682525619864464, 3.273811671533622e-05, 0.167278453707695, 0.36603429913520813, 0.2057628035545349, 8.602635352872312e-05, 0.0964331403374672, 0.3622016906738281, 0.2885345220565796, 0.0007552141323685646, 5.9617341321427375e-06, 0.00028630593442358077, 0.0034283483400940895, 0.019580338150262833, 0.002268274547532201, 0.00022580513905268162, 0.3665122389793396, 0.25450682640075684, 0.08081316947937012, 0.0026835293974727392, 0.00014711113180965185, 0.00044593383790925145, 0.16440615057945251, 0.062485698610544205, 0.052613794803619385, 0.00019452732522040606, 2.1238552108115982e-06, 0.00014323880895972252, 0.3007267117500305, 0.3552592992782593, 0.019721848890185356, 0.015153242275118828, 0.1499464064836502, 0.06587515771389008, 0.17666560411453247, 0.09103305637836456, 0.07561391592025757, 0.06944116204977036, 0.07649311423301697, 0.0010304254246875644, 0.022078173235058784, 5.8404017181601375e-05, 0.0013422990450635552, 0.007093324325978756]
orig_inds:	[1, 7, 13, 15, 16, 17, 18, 19, 21, 22, 23, 24, 26, 27, 30, 31, 36, 37, 38, 40, 41, 42, 44, 48, 50, 54, 55, 56, 61, 62, 63, 65, 66, 68, 73, 74, 75, 76, 78, 80, 82, 85, 88, 92, 95, 96, 99]
