
FA:	[0.025, 0.4083333333333333, 0.2833333333333333, 0.3208333333333333, 0.025, 0.6166666666666667, 0.7166666666666667, 0.7166666666666667, 0.025, 0.44583333333333325, 0.47083333333333327, 0.7166666666666667, 0.2583333333333333, 0.1958333333333333, 0.0875, 0.22083333333333333, 0.1708333333333333, 0.1958333333333333, 0.05, 0.7875, 0.6416666666666666, 0.5083333333333333, 0.025, 0.05, 0.1125, 0.29583333333333334, 0.2833333333333333, 0.5333333333333332, 0.0875, 0.025, 0.49166666666666664, 0.7666666666666666, 0.6166666666666667, 0.49166666666666664, 0.49166666666666664, 0.4083333333333333, 0.5916666666666667, 0.6166666666666667, 0.1958333333333333, 0.3833333333333333, 0.05, 0.7416666666666667, 0.1708333333333333, 0.29583333333333334, 0.025, 0.49166666666666664, 0.2833333333333333]
RA:	[0.0, 0.0, 0.0, 0.0, 0.0, 0.4208333333333333, 0.7166666666666667, 0.7166666666666667, 0.0, 0.4208333333333333, 0.4208333333333333, 0.7166666666666667, 0.0, 0.1708333333333333, 0.0, 0.1708333333333333, 0.0, 0.0, 0.0, 0.4208333333333333, 0.0, 0.4208333333333333, 0.0, 0.0, 0.0, 0.0, 0.0, 0.4208333333333333, 0.0, 0.0, 0.025, 0.7166666666666667, 0.4208333333333333, 0.29583333333333334, 0.0, 0.0, 0.4208333333333333, 0.0, 0.0, 0.0, 0.0, 0.7416666666666667, 0.0, 0.0, 0.0, 0.29583333333333334, 0.0]
PGU:	[0.0773053728044033, 0.18365750834345818, 0.1536821248009801, 0.015978110779542476, 0.08586206659674644, 0.016640155809000134, 0.15337489172816277, 0.02373682614415884, 0.12369823083281517, 0.004305476206354797, 0.17409761622548103, 0.06426186673343182, 0.11959826946258545, 0.04357418976724148, 0.18176760524511337, 0.33778567612171173, 0.3005077987909317, 0.16874007135629654, 0.17652642354369164, 0.1401209905743599, 0.1616423986852169, 0.0025971994909923524, 0.33342335373163223, 0.14824281260371208, 0.21566690877079964, 0.15766631811857224, 0.27882422879338264, 0.0008775655587669462, 0.16429413482546806, 0.026248591486364603, 0.011209887743461877, 0.07327691279351711, 0.13529274612665176, 0.09694412397220731, 0.07667770329862833, 0.36969777196645737, 0.0014971282507758588, 0.08641328569501638, 0.3767019510269165, 0.22242023423314095, 0.3569105565547943, 0.001429476251360029, 0.2624500095844269, 0.21606812253594398, 0.09323755744844675, 0.0358119007141795, 0.13643578439950943]
PGI:	[0.00013558757837017765, 0.0168044101446867, 0.0961051203776151, 0.08215668052434921, 0.0002620200684759766, 0.16960423812270164, 0.3666987270116806, 0.2106296457350254, 0.000423410057919682, 0.09971961192786694, 0.3623545616865158, 0.2847682163119316, 0.1495724671985954, 0.00012220005510243936, 0.005126460193423554, 0.09213899390306324, 0.03441787976771593, 0.008442651305813342, 0.0041538814912200905, 0.36738307029008865, 0.33856965601444244, 0.08294489979743958, 0.009765343565959483, 0.0024864116494427435, 0.00969397957669571, 0.28329603001475334, 0.19994115736335516, 0.053899265825748444, 0.0017404064565198496, 8.023241889532073e-06, 0.01943131634470774, 0.30186787992715836, 0.356516569852829, 0.14729673648253083, 0.12024658033624291, 0.16935183107852936, 0.06500524654984474, 0.2589212842285633, 0.12169153243303299, 0.16236352175474167, 0.12638387084007263, 0.07721810229122639, 0.02663021715125069, 0.02265508333221078, 0.012819658122680266, 0.05550444877007976, 0.08749408624134958]
orig_inds:	[1, 7, 13, 15, 16, 17, 18, 19, 21, 22, 23, 24, 26, 27, 30, 31, 36, 37, 38, 40, 41, 42, 44, 48, 50, 54, 55, 56, 61, 62, 63, 65, 66, 68, 73, 74, 75, 76, 78, 80, 82, 85, 88, 92, 95, 96, 99]
