
FA:	[[0.0], [0.5], [0.0], [0.5], [0.0], [0.5], [1.0], [1.0], [0.0], [0.5], [0.5], [1.0], [0.0], [0.0], [0.0], [0.0], [0.0], [0.0], [0.0], [0.5], [1.0], [0.5], [0.0], [0.0], [0.0], [0.5], [0.0], [0.5], [0.0], [0.0], [0.5], [1.0], [0.5], [0.5], [0.5], [0.5], [0.5], [1.0], [0.0], [0.5], [0.0], [1.0], [0.0], [0.5], [0.0], [0.5], [0.0]]
RA:	[[0.0], [0.0], [0.0], [0.0], [0.0], [0.5], [1.0], [1.0], [0.0], [0.5], [0.5], [1.0], [0.0], [0.0], [0.0], [0.0], [0.0], [0.0], [0.0], [0.5], [0.0], [0.5], [0.0], [0.0], [0.0], [0.0], [0.0], [0.5], [0.0], [0.0], [0.0], [1.0], [0.5], [0.5], [0.0], [0.0], [0.5], [0.0], [0.0], [0.0], [0.0], [1.0], [0.0], [0.0], [0.0], [0.5], [0.0]]
PGU:	[[0.078669205], [0.1812809], [0.22881928], [0.0038392013], [0.08238743], [0.017113466], [0.14782724], [0.021872487], [0.12291112], [0.0042441864], [0.18340853], [0.06319027], [0.2460941], [0.04318463], [0.18367253], [0.36673465], [0.30647248], [0.16766608], [0.17689577], [0.17749874], [0.14892712], [0.0030340974], [0.3339878], [0.14828204], [0.21549138], [0.13514605], [0.37144274], [0.00095449784], [0.16254354], [0.02547286], [0.029843017], [0.07480737], [0.16987994], [0.22386253], [0.18121874], [0.37137082], [0.0014925875], [0.0637138], [0.38109076], [0.31058592], [0.3811484], [0.0014535312], [0.2666227], [0.21255496], [0.1063761], [0.09038609], [0.21303152]]
PGI:	[[2.1925951e-05], [0.016075226], [0.009466948], [0.09637965], [3.8580318e-05], [0.1726223], [0.36708796], [0.20581785], [0.00010023578], [0.099131614], [0.365257], [0.2975317], [0.0008875105], [6.2645913e-06], [0.0003337837], [0.0036288581], [0.038119487], [0.0042538783], [0.00023867878], [0.36542895], [0.3668234], [0.08132568], [0.003143098], [0.0001714544], [0.0004768318], [0.32325196], [0.062636174], [0.0543955], [0.00022317399], [2.460812e-06], [0.00014412326], [0.3014732], [0.3556771], [0.02845336], [0.015825866], [0.15538809], [0.06215682], [0.28147388], [0.113448024], [0.076350376], [0.06960096], [0.07963538], [0.0012042494], [0.022310158], [6.8778594e-05], [0.002068715], [0.0072330534]]
orig_inds:	[1, 7, 13, 15, 16, 17, 18, 19, 21, 22, 23, 24, 26, 27, 30, 31, 36, 37, 38, 40, 41, 42, 44, 48, 50, 54, 55, 56, 61, 62, 63, 65, 66, 68, 73, 74, 75, 76, 78, 80, 82, 85, 88, 92, 95, 96, 99]
