
FA:	[[1.0], [1.0], [1.0], [1.0], [1.0], [1.0], [1.0], [1.0], [1.0], [1.0], [1.0], [1.0], [1.0], [1.0], [1.0], [1.0], [1.0], [1.0], [1.0], [1.0], [1.0], [1.0], [1.0], [1.0], [1.0], [1.0], [1.0], [1.0], [1.0], [1.0], [1.0], [1.0], [1.0], [1.0], [1.0], [1.0], [1.0], [1.0], [1.0], [1.0], [1.0], [1.0], [1.0], [1.0], [1.0], [1.0], [1.0], [1.0], [1.0], [1.0], [1.0], [1.0], [1.0], [1.0], [1.0], [1.0], [1.0], [1.0], [1.0], [1.0], [1.0], [1.0], [1.0], [1.0], [1.0], [1.0], [1.0], [1.0], [1.0], [1.0], [1.0], [1.0], [1.0], [1.0], [1.0], [1.0], [1.0], [1.0], [1.0], [1.0], [1.0], [1.0], [1.0], [1.0], [1.0], [1.0], [1.0]]
RA:	[[0.0], [0.5], [0.5], [0.0], [0.0], [0.0], [0.5], [0.5], [1.0], [0.0], [0.5], [0.0], [0.25], [0.0], [0.0], [0.5], [0.25], [0.0], [0.5], [0.5], [0.25], [0.5], [0.25], [0.25], [0.5], [0.0], [0.0], [0.5], [0.5], [0.5], [0.5], [0.25], [0.25], [0.5], [0.0], [0.0], [0.0], [0.0], [0.5], [0.5], [0.0], [0.0], [0.0], [0.0], [0.25], [0.5], [0.25], [0.5], [1.0], [0.0], [0.25], [0.25], [0.0], [0.5], [0.25], [0.25], [0.0], [0.5], [0.0], [0.25], [1.0], [0.0], [0.5], [0.5], [0.5], [0.0], [0.0], [0.5], [0.0], [0.25], [0.0], [1.0], [0.5], [0.25], [0.0], [0.0], [0.25], [0.25], [0.0], [0.5], [0.0], [0.25], [0.5], [0.0], [0.5], [0.0], [1.0]]
PGU:	[[0.0], [0.0], [0.0], [0.0], [0.0], [0.0], [0.0], [0.0], [0.0], [0.0], [0.0], [0.0], [0.0], [0.0], [0.0], [0.0], [0.0], [0.0], [0.0], [0.0], [0.0], [0.0], [0.0], [0.0], [0.0], [0.0], [0.0], [0.0], [0.0], [0.0], [0.0], [0.0], [0.0], [0.0], [0.0], [0.0], [0.0], [0.0], [0.0], [0.0], [0.0], [0.0], [0.0], [0.0], [0.0], [0.0], [0.0], [0.0], [0.0], [0.0], [0.0], [0.0], [0.0], [0.0], [0.0], [0.0], [0.0], [0.0], [0.0], [0.0], [0.0], [0.0], [0.0], [0.0], [0.0], [0.0], [0.0], [0.0], [0.0], [0.0], [0.0], [0.0], [0.0], [0.0], [0.0], [0.0], [0.0], [0.0], [0.0], [0.0], [0.0], [0.0], [0.0], [0.0], [0.0], [0.0], [0.0]]
PGI:	[[0.04291601], [0.04227087], [0.04731664], [0.042789277], [0.04010101], [0.047141135], [0.039808434], [0.04764698], [0.046932068], [0.03837515], [0.036985368], [0.044472877], [0.033652276], [0.04584893], [0.04649551], [0.0452571], [0.045021776], [0.046607792], [0.032478813], [0.04722792], [0.03659988], [0.047781557], [0.0480948], [0.04742894], [0.037204035], [0.0408116], [0.043667685], [0.036753982], [0.047641575], [0.0389109], [0.04773002], [0.042477492], [0.042525224], [0.047416434], [0.043172933], [0.04149106], [0.04721445], [0.04844908], [0.04761033], [0.03958342], [0.044301555], [0.039204072], [0.047225222], [0.045844633], [0.040484294], [0.048035316], [0.03944757], [0.034638926], [0.047375087], [0.04689663], [0.044707846], [0.042544905], [0.0349624], [0.04717151], [0.047265425], [0.044114772], [0.040306877], [0.04720736], [0.047994886], [0.047061723], [0.04695043], [0.047163993], [0.03238397], [0.048103843], [0.047883887], [0.047724232], [0.034805704], [0.036547076], [0.04734769], [0.04801009], [0.044844206], [0.039378893], [0.04637436], [0.04713183], [0.04714949], [0.04687554], [0.038930897], [0.044618808], [0.042279057], [0.047878258], [0.047109418], [0.044015385], [0.04828197], [0.035557594], [0.04012994], [0.04712843], [0.047609672]]
orig_inds:	[0, 1, 2, 3, 4, 5, 6, 7, 8, 9, 10, 11, 12, 13, 15, 16, 17, 18, 19, 20, 21, 22, 23, 25, 27, 28, 29, 31, 33, 34, 35, 36, 37, 38, 39, 40, 41, 42, 43, 45, 46, 47, 48, 49, 50, 51, 52, 53, 54, 55, 56, 57, 59, 60, 61, 62, 63, 64, 65, 66, 67, 68, 69, 70, 71, 72, 73, 74, 75, 77, 80, 81, 82, 84, 85, 86, 87, 88, 89, 90, 93, 94, 95, 96, 97, 98, 99]
