
FA:	[]
RA:	[]
PGU:	[[0.0], [6.8212103e-12], [2.9802322e-08], [0.0], [0.0], [2.9802322e-08], [4.1909516e-09], [0.0], [8.940697e-08], [0.0], [0.0], [0.0], [2.3874236e-12], [8.1490725e-10], [0.0], [4.4703484e-08], [0.0], [2.9802322e-08], [0.0], [0.0], [0.0], [1.7462298e-09], [3.1664968e-08], [3.0733645e-08], [1.2732926e-11], [0.0], [0.0], [0.0], [0.0], [0.0], [9.313226e-10], [0.0], [0.0], [1.1920929e-07], [8.1490725e-10], [0.0], [0.0], [0.0], [0.0], [0.0], [0.0], [0.0], [2.9802322e-08], [0.0], [5.820766e-10], [2.6077032e-08], [0.0], [0.0], [2.9802322e-08], [0.0], [0.0], [0.0], [0.0], [0.0], [2.9802322e-08], [0.0], [1.4551915e-11], [8.940697e-08], [2.2351742e-08], [8.940697e-08], [0.0], [2.910383e-10], [0.0], [5.820766e-10], [0.0], [5.9604645e-08], [0.0], [1.4551915e-10], [6.519258e-09], [2.7939677e-09], [0.0], [0.0], [0.0], [2.9802322e-08], [8.940697e-08], [0.0], [0.0], [0.0], [0.0], [0.0], [5.9604645e-08], [0.0], [6.9849193e-09], [0.0], [0.0], [1.0477379e-09], [1.8626451e-08], [8.940697e-08], [0.0], [0.0], [2.2351742e-08]]
PGI:	[[5.831662e-05], [0.00018225447], [0.3548761], [0.061710797], [0.014913712], [0.35634327], [0.12194836], [0.1917353], [0.367362], [0.0005291946], [6.767839e-05], [0.08226479], [1.788092e-05], [0.12333096], [0.042438187], [0.34349754], [0.0043994994], [0.35429832], [5.681976e-07], [0.2320321], [0.0010854095], [0.088009074], [0.2903994], [0.20003068], [0.0010525527], [0.019782152], [0.118946314], [0.03334005], [0.16570927], [0.00010854357], [0.080523714], [0.06401613], [0.0396434], [0.39643735], [0.09850184], [0.0007644144], [0.23880671], [0.057435688], [0.21478865], [0.006252904], [0.054942638], [0.0066265655], [0.35528356], [0.17978352], [0.033578113], [0.3034304], [0.0004078749], [0.00061389274], [0.3579667], [0.0021386396], [0.12192958], [0.015791299], [0.0006001986], [0.0972502], [0.35567442], [0.00022548814], [0.0001015663], [0.36996344], [0.26884535], [0.36882254], [0.017099075], [0.055245467], [0.00026120074], [0.06284949], [0.0499593], [0.37464818], [0.00048477773], [0.026074253], [0.21010095], [0.12631805], [0.08771284], [0.006769866], [0.041891024], [0.35596225], [0.36867693], [0.09002919], [2.2145015e-05], [0.10961132], [0.04073021], [0.16923587], [0.33274388], [0.0032650342], [0.1886719], [0.0004941369], [0.002641544], [0.099783465], [0.19805719], [0.36593235], [0.085309744], [0.2360311], [0.26866928]]
orig_inds:	[0, 1, 2, 3, 4, 5, 6, 7, 8, 9, 10, 11, 12, 13, 14, 15, 16, 17, 18, 20, 21, 22, 23, 24, 25, 26, 27, 29, 30, 31, 32, 33, 34, 35, 36, 37, 38, 39, 40, 41, 42, 43, 44, 45, 46, 47, 48, 49, 50, 51, 52, 53, 54, 55, 57, 59, 60, 61, 62, 63, 64, 65, 66, 67, 68, 70, 71, 72, 73, 74, 75, 76, 77, 78, 79, 81, 82, 83, 84, 85, 86, 87, 88, 89, 90, 91, 93, 94, 95, 97, 98]
