
FA:	[]
RA:	[]
PGU:	[[0.0], [0.0], [0.0], [0.0], [0.0], [0.0], [3.259629e-09], [0.0], [0.0], [0.0], [0.0], [0.0], [2.3874236e-12], [1.6298145e-09], [0.0], [0.0], [0.0], [0.0], [0.0], [0.0], [0.0], [9.313226e-10], [2.6077032e-08], [0.0], [0.0], [0.0], [0.0], [0.0], [0.0], [0.0], [0.0], [0.0], [0.0], [5.9604645e-08], [0.0], [0.0], [0.0], [4.0745363e-10], [0.0], [0.0], [0.0], [0.0], [0.0], [0.0], [5.820766e-10], [1.4901161e-08], [0.0], [0.0], [0.0], [0.0], [0.0], [0.0], [0.0], [4.656613e-10], [0.0], [0.0], [0.0], [0.0], [1.1175871e-08], [0.0], [1.6007107e-10], [0.0], [0.0], [5.820766e-10], [0.0], [0.0], [0.0], [1.4551915e-10], [0.0], [0.0], [0.0], [0.0], [0.0], [0.0], [0.0], [0.0], [0.0], [0.0], [0.0], [0.0], [2.3841858e-07], [2.7284841e-11], [0.0], [0.0], [0.0], [0.0], [3.7252903e-08], [0.0], [0.0], [0.0], [1.1175871e-08], [0.0], [1.1175871e-08], [0.0], [0.0], [5.9604645e-08], [0.0], [0.0], [0.0], [1.1175871e-08]]
PGI:	[[0.00013064711], [0.00018896682], [0.3596201], [0.06381025], [0.017262828], [0.354785], [0.11948003], [0.1888099], [0.36379954], [0.0003059428], [0.00010537692], [0.076011874], [1.874408e-05], [0.11555288], [0.045512438], [0.3408994], [0.0036958496], [0.35229123], [5.8223975e-07], [0.23194909], [0.0008936925], [0.08723257], [0.3015984], [0.20132478], [0.0012520837], [0.015789341], [0.11369616], [0.030442562], [0.1607288], [0.00010992992], [0.08181568], [0.06074045], [0.03752179], [0.3990321], [0.09395599], [0.000573002], [0.23386323], [0.058089674], [0.21177424], [0.0068416297], [0.05513401], [0.0070386794], [0.35853288], [0.17542003], [0.034101415], [0.30946168], [0.00045829124], [0.0006964393], [0.35592356], [0.0021886367], [0.12364547], [0.014502765], [0.00063489634], [0.09912121], [0.35743353], [0.00013343323], [0.00021145854], [0.3640511], [0.26094642], [0.36738256], [0.014727358], [0.05801541], [0.00025629462], [0.061541963], [0.047442023], [0.3805829], [0.00068793504], [0.024243005], [0.21076766], [0.12654057], [0.09332269], [0.0065119644], [0.041971534], [0.35749474], [0.36547506], [0.085753135], [2.1699172e-05], [0.11387665], [0.04226864], [0.17339933], [0.33473653], [0.0026166039], [0.18869889], [0.0004977556], [0.0022267515], [0.10102684], [0.19677731], [0.36549988], [0.08817861], [0.23787607], [0.26734957], [0.0170192], [0.2596784], [0.12105795], [0.13579841], [0.2871136], [0.21009229], [0.00029948296], [0.3579216], [0.23262176]]
orig_inds:	[0, 1, 2, 3, 4, 5, 6, 7, 8, 9, 10, 11, 12, 13, 14, 15, 16, 17, 18, 19, 20, 21, 22, 23, 24, 25, 26, 27, 28, 29, 30, 31, 32, 33, 34, 35, 36, 37, 38, 39, 40, 41, 42, 43, 44, 45, 46, 47, 48, 49, 50, 51, 52, 53, 54, 55, 56, 57, 58, 59, 60, 61, 62, 63, 64, 65, 66, 67, 68, 69, 70, 71, 72, 73, 74, 75, 76, 77, 78, 79, 80, 81, 82, 83, 84, 85, 86, 87, 88, 89, 90, 91, 92, 93, 94, 95, 96, 97, 98, 99]
