
FA:	[]
RA:	[]
PGU:	[[0.0], [0.0], [0.0], [0.0], [0.0], [0.0], [3.259629e-09], [0.0], [0.0], [0.0], [0.0], [0.0], [2.3874236e-12], [1.6298145e-09], [0.0], [0.0], [0.0], [0.0], [0.0], [0.0], [0.0], [9.313226e-10], [2.6077032e-08], [0.0], [0.0], [0.0], [0.0], [0.0], [0.0], [0.0], [0.0], [0.0], [0.0], [5.9604645e-08], [0.0], [0.0], [0.0], [4.0745363e-10], [0.0], [0.0], [0.0], [0.0], [0.0], [0.0], [5.820766e-10], [1.4901161e-08], [0.0], [0.0], [0.0], [0.0], [0.0], [0.0], [0.0], [4.656613e-10], [0.0], [0.0], [0.0], [0.0], [1.1175871e-08], [0.0], [1.6007107e-10], [0.0], [0.0], [5.820766e-10], [0.0], [0.0], [0.0], [1.4551915e-10], [0.0], [0.0], [0.0], [0.0], [0.0], [0.0], [0.0], [0.0], [0.0], [0.0], [0.0], [0.0], [2.3841858e-07], [2.7284841e-11], [0.0], [0.0], [0.0], [0.0], [3.7252903e-08]]
PGI:	[[6.0761453e-05], [0.00014206329], [0.3571596], [0.063864276], [0.017217446], [0.35653356], [0.12013639], [0.18883742], [0.36634716], [0.00034050498], [6.538154e-05], [0.078670815], [2.0173053e-05], [0.11788269], [0.040411696], [0.3480245], [0.0041543194], [0.35309544], [5.3703815e-07], [0.22761858], [0.0011672955], [0.08508652], [0.28786904], [0.19861376], [0.00095218915], [0.017376281], [0.11976581], [0.030807734], [0.16744699], [0.00010707207], [0.08345979], [0.06394296], [0.038778882], [0.39449662], [0.09369425], [0.0010362982], [0.23132476], [0.05296646], [0.21038578], [0.006637866], [0.054979444], [0.0062546064], [0.35803354], [0.17237236], [0.035656672], [0.3041154], [0.00044094006], [0.00063647784], [0.35490543], [0.001966265], [0.12349254], [0.014762453], [0.00059815164], [0.09940136], [0.35686263], [0.00029438798], [0.0001692318], [0.36680135], [0.26098168], [0.36444837], [0.018072378], [0.055409364], [0.0002628043], [0.06324913], [0.047668792], [0.37720057], [0.0004956447], [0.02542822], [0.21068369], [0.12624884], [0.090892136], [0.006509265], [0.041492004], [0.35650283], [0.36689427], [0.088521786], [2.0988626e-05], [0.11244136], [0.043177035], [0.16870476], [0.33349356], [0.0026859813], [0.18195654], [0.00040124712], [0.002298057], [0.10536439], [0.19402654]]
orig_inds:	[1, 2, 3, 4, 5, 6, 7, 8, 11, 13, 14, 15, 16, 17, 19, 20, 21, 22, 23, 24, 25, 26, 27, 28, 30, 31, 32, 33, 34, 35, 36, 37, 38, 39, 40, 41, 42, 43, 44, 45, 48, 49, 50, 51, 53, 54, 55, 56, 57, 58, 59, 60, 61, 63, 64, 65, 67, 68, 69, 70, 71, 72, 73, 74, 75, 77, 78, 79, 80, 81, 82, 84, 85, 86, 87, 88, 89, 90, 91, 92, 93, 94, 95, 96, 97, 98, 99]
