
FA:	[]
RA:	[]
PGU:	[[0.0], [6.8212103e-12], [2.9802322e-08], [0.0], [0.0], [2.9802322e-08], [4.1909516e-09], [0.0], [8.940697e-08], [0.0], [0.0], [0.0], [2.3874236e-12], [8.1490725e-10], [0.0], [4.4703484e-08], [0.0], [2.9802322e-08], [0.0], [0.0], [0.0], [1.7462298e-09], [3.1664968e-08], [3.0733645e-08], [1.2732926e-11], [0.0], [0.0], [0.0], [0.0], [0.0], [9.313226e-10], [0.0], [0.0], [1.1920929e-07], [8.1490725e-10], [0.0], [0.0], [0.0], [0.0], [0.0], [0.0], [0.0], [2.9802322e-08], [0.0], [5.820766e-10], [2.6077032e-08], [0.0], [0.0], [2.9802322e-08], [0.0], [0.0], [0.0], [0.0], [0.0], [2.9802322e-08], [0.0], [1.4551915e-11], [8.940697e-08], [2.2351742e-08], [8.940697e-08], [0.0], [2.910383e-10], [0.0], [5.820766e-10], [0.0], [5.9604645e-08], [0.0], [1.4551915e-10], [6.519258e-09], [2.7939677e-09], [0.0], [0.0], [0.0], [2.9802322e-08], [8.940697e-08], [0.0], [0.0], [0.0], [0.0], [0.0], [5.9604645e-08], [0.0], [6.9849193e-09], [0.0], [0.0], [1.0477379e-09], [1.8626451e-08], [8.940697e-08], [0.0], [0.0], [2.2351742e-08], [0.0], [2.2351742e-08]]
PGI:	[[0.00013039495], [0.0001866351], [0.3552225], [0.06554104], [0.016758114], [0.35671884], [0.11771614], [0.19069812], [0.36740983], [0.00033000731], [7.080915e-05], [0.08023664], [2.0956304e-05], [0.12311713], [0.042325594], [0.34705946], [0.003924586], [0.35368514], [6.921143e-07], [0.23000784], [0.0014174007], [0.08967018], [0.2925037], [0.20163897], [0.0010469602], [0.018771157], [0.1160391], [0.030416366], [0.1664298], [0.00014858205], [0.07910295], [0.06165749], [0.036432736], [0.39341864], [0.10151973], [0.00071883854], [0.22802842], [0.0553101], [0.21635039], [0.006579268], [0.054808393], [0.007237554], [0.35514], [0.1736435], [0.033403058], [0.30668402], [0.0004872], [0.0005188325], [0.35535625], [0.0019270338], [0.12061055], [0.014676936], [0.00064656127], [0.095488004], [0.3543254], [0.00031829864], [0.0002530895], [0.36785948], [0.264021], [0.3659377], [0.018404096], [0.05928617], [0.0002692893], [0.06376614], [0.043867636], [0.37884647], [0.0005961494], [0.025176113], [0.21503974], [0.13016038], [0.092192195], [0.006655918], [0.040594187], [0.35766685], [0.36757228], [0.08478081], [2.166888e-05], [0.11499668], [0.042971123], [0.17042336], [0.33001658], [0.0027516626], [0.1878823], [0.000425647], [0.0023856226], [0.103142574], [0.19471002], [0.36728966], [0.084933646], [0.23993447], [0.26609808], [0.01813792], [0.26578915]]
orig_inds:	[0, 1, 2, 3, 4, 5, 6, 7, 9, 10, 12, 13, 14, 15, 16, 17, 19, 20, 21, 22, 23, 24, 25, 26, 27, 28, 29, 31, 32, 33, 34, 35, 36, 37, 38, 39, 41, 42, 43, 44, 45, 46, 47, 48, 49, 50, 51, 52, 53, 54, 55, 56, 57, 58, 60, 61, 62, 63, 65, 66, 67, 68, 69, 70, 71, 72, 73, 74, 75, 76, 77, 78, 79, 80, 81, 82, 83, 84, 85, 86, 87, 88, 89, 90, 91, 92, 93, 94, 95, 96, 97, 98, 99]
