
FA:	[[0.0], [0.0], [0.0], [0.0], [0.0], [0.0], [0.0], [0.0], [0.0], [0.0], [0.0], [0.0], [0.0], [0.0], [0.0], [0.0], [0.0], [0.0], [0.0], [0.0], [0.0], [0.0], [0.0], [0.0], [0.0], [0.0], [0.0], [0.0], [0.0], [0.0], [0.0], [0.0], [0.0], [0.0], [0.0], [0.0], [0.0], [0.0], [0.0], [0.0], [0.0], [0.0], [0.0], [0.0], [0.0], [0.0], [0.0], [0.0], [0.0], [0.0], [0.0], [0.0], [0.0], [0.0], [0.0], [0.0], [0.0], [0.0], [0.0], [0.0], [0.0], [0.0], [0.0], [0.0], [0.0], [0.0], [0.0], [0.0], [0.0], [0.0], [0.0], [0.0], [0.0], [0.0], [0.0], [0.0], [0.0], [0.0], [0.0], [0.0], [0.0], [0.0]]
RA:	[[0.0], [0.0], [0.0], [0.0], [0.0], [0.0], [0.0], [0.0], [0.0], [0.0], [0.0], [0.0], [0.0], [0.0], [0.0], [0.0], [0.0], [0.0], [0.0], [0.0], [0.0], [0.0], [0.0], [0.0], [0.0], [0.0], [0.0], [0.0], [0.0], [0.0], [0.0], [0.0], [0.0], [0.0], [0.0], [0.0], [0.0], [0.0], [0.0], [0.0], [0.0], [0.0], [0.0], [0.0], [0.0], [0.0], [0.0], [0.0], [0.0], [0.0], [0.0], [0.0], [0.0], [0.0], [0.0], [0.0], [0.0], [0.0], [0.0], [0.0], [0.0], [0.0], [0.0], [0.0], [0.0], [0.0], [0.0], [0.0], [0.0], [0.0], [0.0], [0.0], [0.0], [0.0], [0.0], [0.0], [0.0], [0.0], [0.0], [0.0], [0.0], [0.0]]
PGU:	[[0.078040786], [0.17931472], [0.23803264], [0.099774435], [0.08758502], [0.17633195], [0.36727926], [0.20207846], [0.12136743], [0.10316962], [0.37112567], [0.29023844], [0.24261937], [0.04461876], [0.18610922], [0.36479735], [0.30351773], [0.16556923], [0.17445837], [0.36883223], [0.36830208], [0.09190307], [0.3321417], [0.14661302], [0.22267021], [0.32672524], [0.37192252], [0.060405176], [0.16175711], [0.0289472], [0.032322433], [0.30546138], [0.35793814], [0.2284564], [0.18873999], [0.3706193], [0.07371486], [0.29411796], [0.37789994], [0.30309173], [0.3808059], [0.08276813], [0.26309562], [0.22127095], [0.10608981], [0.088118576], [0.20699771], [0.14902681], [0.12305456], [0.35065216], [0.12893407], [0.18841523], [0.21443059], [0.20188016], [0.03621499], [0.27743486], [0.15371954], [0.10745335], [0.25025246], [0.22181495], [0.2552742], [0.160867], [0.13557266], [0.24541119], [0.3788788], [0.118917726], [0.32872444], [0.1316645], [0.33058408], [0.289228], [0.37715328], [0.21053293], [0.3265753], [0.31286168], [0.29356405], [0.37644318], [0.35411415], [0.2953423], [0.3719269], [0.15417704], [0.2805561], [0.36107653]]
PGI:	[[0.00011413877], [0.013323347], [0.00078689365], [0.00104617], [0.0007438362], [0.005488414], [0.13873254], [0.010438764], [0.001949233], [0.0012658826], [0.08334995], [0.032209758], [0.0009623168], [8.619458e-06], [0.0063385195], [0.00503083], [0.038344603], [0.0048918272], [0.011238075], [0.08613949], [0.084923424], [0.00078590965], [0.0011872777], [0.0032708375], [0.00064341497], [0.05270169], [0.08674691], [0.00027370625], [9.525546e-05], [2.7161402e-06], [7.053641e-05], [0.0023229348], [0.07552905], [0.012538141], [0.0067912485], [0.14551981], [2.5356621e-05], [0.007411485], [0.09443001], [0.041633245], [0.09573271], [0.00062130025], [0.022393527], [0.011473768], [7.463824e-05], [0.0009019371], [0.019912543], [0.0030996825], [0.0018574862], [0.11458622], [0.0020460403], [0.006738609], [0.011011827], [0.018287325], [9.406248e-05], [0.027656205], [8.724027e-05], [7.336929e-05], [0.00038108297], [0.011888988], [0.020480862], [0.00051541167], [0.0025265308], [0.0010216926], [0.022869755], [9.2522125e-05], [0.054380022], [0.0021486508], [0.0032495796], [0.0018743391], [0.005971309], [0.0005985397], [0.09106088], [0.045150224], [0.03018616], [0.09127138], [0.070361525], [0.034282103], [0.089318044], [0.0040711015], [0.052563746], [0.1296886]]
orig_inds:	[0, 1, 2, 3, 4, 5, 6, 7, 8, 9, 10, 11, 12, 14, 15, 16, 18, 19, 20, 21, 22, 23, 24, 25, 26, 27, 28, 29, 30, 31, 32, 33, 34, 35, 36, 37, 39, 40, 41, 44, 46, 47, 49, 50, 51, 52, 54, 55, 56, 57, 60, 61, 62, 63, 64, 65, 66, 67, 69, 70, 71, 72, 74, 75, 76, 77, 78, 79, 80, 81, 83, 85, 86, 88, 89, 90, 91, 92, 95, 96, 97, 99]
