
FA:	[[0.8], [0.8], [0.0], [0.6], [1.0], [0.8], [1.0], [0.6], [0.6], [0.6], [0.8], [0.6], [0.2], [0.2], [0.6], [0.2], [0.8], [0.6], [1.0], [0.2], [0.6], [0.6], [0.0], [0.6], [0.0], [0.4], [1.0], [0.6], [0.0], [0.4], [0.6], [0.6], [0.6], [0.6], [0.6], [1.0], [0.0], [0.6], [0.6], [0.6], [0.4], [0.4], [0.6], [0.6], [0.0], [0.4], [0.8], [0.6], [1.0], [0.8], [0.4], [0.4], [0.4], [1.0], [0.6], [0.6], [0.2], [0.0], [0.2], [0.6], [0.2], [0.8], [0.8], [0.0], [0.8], [0.2], [0.4], [0.6], [0.8], [0.2], [0.2], [0.0], [0.8], [0.8], [0.6], [0.6], [0.4], [0.6], [0.6], [0.6], [1.0], [1.0]]
RA:	[[0.8], [0.0], [0.0], [0.2], [0.2], [0.2], [0.6], [0.2], [0.0], [0.0], [0.0], [0.0], [0.0], [0.2], [0.0], [0.0], [0.0], [0.0], [0.6], [0.0], [0.0], [0.0], [0.0], [0.0], [0.0], [0.0], [0.2], [0.2], [0.0], [0.0], [0.0], [0.2], [0.0], [0.2], [0.2], [0.6], [0.0], [0.2], [0.0], [0.0], [0.0], [0.0], [0.2], [0.2], [0.0], [0.0], [0.0], [0.0], [0.2], [0.0], [0.0], [0.0], [0.0], [0.6], [0.0], [0.0], [0.2], [0.0], [0.2], [0.0], [0.0], [0.8], [0.0], [0.0], [0.8], [0.0], [0.0], [0.0], [0.8], [0.0], [0.2], [0.0], [0.0], [0.4], [0.2], [0.0], [0.0], [0.0], [0.0], [0.2], [0.2], [0.6]]
PGU:	[[0.06980043], [0.18382505], [0.23178403], [0.002681922], [0.0005410535], [0.00506214], [0.065299876], [0.025634015], [0.005151366], [0.0030148637], [0.09743487], [0.072923705], [0.23658419], [0.044754535], [0.014627957], [0.17833321], [0.035529412], [0.16780204], [0.004202552], [0.36906576], [0.11362853], [0.08677819], [0.33649704], [0.140353], [0.22178045], [0.11660728], [0.06601872], [0.0007620801], [0.16031009], [0.023551263], [0.02839938], [0.085822284], [0.14830616], [0.03176003], [0.017069858], [0.068561375], [0.06730173], [0.06551033], [0.16799632], [0.09183577], [0.18845183], [0.0019077176], [0.051462535], [0.029574601], [0.10944512], [0.0029154741], [0.00970471], [0.008157269], [0.0013261704], [0.34447864], [0.0061152815], [0.020676771], [0.21552815], [0.0066810953], [0.033466607], [0.059242975], [0.15692784], [0.10854177], [0.2507079], [0.22062266], [0.2558631], [0.14817625], [0.0052229716], [0.2531542], [0.373538], [0.11292458], [0.12607072], [0.0057284962], [0.3239007], [0.28412008], [0.37746456], [0.2073877], [0.32209325], [0.081219144], [0.07049261], [0.17509244], [0.34659618], [0.07156198], [0.3695171], [0.010415471], [0.020995803], [0.059971638]]
PGI:	[[0.0019464144], [0.024151566], [0.0032037552], [0.09561375], [0.08730535], [0.17300539], [0.37315795], [0.20628901], [0.11920087], [0.099260256], [0.3632312], [0.2827879], [0.031860415], [0.00015913427], [0.17359267], [0.35880756], [0.30728346], [0.010624179], [0.17742637], [0.08860526], [0.36770838], [0.0017124197], [0.004972161], [0.007312158], [0.0026639367], [0.32558802], [0.37078854], [0.055536836], [0.00035761815], [0.00012866013], [0.00024363377], [0.3069258], [0.35669917], [0.21748261], [0.18470031], [0.37456554], [3.6985166e-05], [0.28612322], [0.37863046], [0.3088187], [0.37970385], [0.07545102], [0.25736076], [0.20967118], [0.000108542954], [0.08960666], [0.20644636], [0.13996312], [0.12543474], [0.1596001], [0.121056445], [0.18019243], [0.018402355], [0.20807967], [0.00020406299], [0.2776661], [0.003460914], [0.00010631671], [0.019551042], [0.025638543], [0.0210851], [0.013651184], [0.1279071], [0.00411099], [0.1985506], [0.0032821747], [0.32777932], [0.124617495], [0.1293039], [0.058944464], [0.0951035], [0.0008665541], [0.1327324], [0.31482518], [0.2835369], [0.37398413], [0.10218232], [0.28784212], [0.1848821], [0.155612], [0.28755376], [0.3609523]]
orig_inds:	[0, 1, 2, 3, 4, 5, 6, 7, 8, 9, 10, 11, 12, 14, 15, 16, 18, 19, 20, 21, 22, 23, 24, 25, 26, 27, 28, 29, 30, 31, 32, 33, 34, 35, 36, 37, 39, 40, 41, 44, 46, 47, 49, 50, 51, 52, 54, 55, 56, 57, 60, 61, 62, 63, 64, 65, 66, 67, 69, 70, 71, 72, 74, 75, 76, 77, 78, 79, 80, 81, 83, 85, 86, 88, 89, 90, 91, 92, 95, 96, 97, 99]
