
FA:	[[0.75], [0.75], [0.0], [0.5], [1.0], [1.0], [1.0], [0.75], [0.75], [0.75], [0.75], [0.75], [0.0], [0.25], [0.75], [0.0], [1.0], [0.5], [1.0], [0.25], [0.5], [0.5], [0.0], [0.5], [0.0], [0.5], [1.0], [0.75], [0.0], [0.25], [0.25], [0.5], [0.5], [0.75], [0.5], [1.0], [0.0], [0.5], [0.75], [0.75], [0.5], [0.5], [0.75], [0.75], [0.0], [0.5], [1.0], [0.75], [1.0], [0.75], [0.5], [0.5], [0.25], [1.0], [0.5], [0.75], [0.0], [0.0], [0.25], [0.5], [0.25], [0.75], [0.75], [0.0], [0.75], [0.0], [0.5], [0.75], [0.75], [0.0], [0.25], [0.0], [0.75], [0.75], [0.75], [0.75], [0.25], [0.75], [0.25], [0.5], [1.0], [1.0]]
RA:	[[0.75], [0.0], [0.0], [0.0], [0.0], [0.25], [0.5], [0.25], [0.0], [0.0], [0.0], [0.0], [0.0], [0.25], [0.0], [0.0], [0.0], [0.0], [0.5], [0.0], [0.0], [0.0], [0.0], [0.0], [0.0], [0.0], [0.0], [0.25], [0.0], [0.0], [0.0], [0.25], [0.0], [0.25], [0.0], [0.5], [0.0], [0.25], [0.0], [0.0], [0.0], [0.0], [0.25], [0.25], [0.0], [0.0], [0.0], [0.0], [0.0], [0.0], [0.0], [0.0], [0.0], [0.5], [0.0], [0.0], [0.0], [0.0], [0.25], [0.0], [0.0], [0.75], [0.0], [0.0], [0.75], [0.0], [0.0], [0.0], [0.75], [0.0], [0.25], [0.0], [0.0], [0.25], [0.25], [0.0], [0.0], [0.0], [0.0], [0.0], [0.0], [0.5]]
PGU:	[[0.07071011], [0.17888685], [0.2300695], [0.0032655017], [0.00088556367], [0.006655345], [0.09808366], [0.025815409], [0.0052591744], [0.0033579974], [0.16338338], [0.0741819], [0.23646569], [0.04408611], [0.016528375], [0.3617194], [0.04443185], [0.16708174], [0.0066884905], [0.3727542], [0.16952662], [0.07840396], [0.33319008], [0.14647801], [0.21301682], [0.12412203], [0.10055956], [0.0007679634], [0.1635804], [0.023848878], [0.02849021], [0.095947415], [0.3594617], [0.031370625], [0.019574778], [0.101156585], [0.07061293], [0.28744042], [0.17783038], [0.09082662], [0.19458835], [0.002043308], [0.05451537], [0.028454944], [0.10938949], [0.0030188956], [0.012311929], [0.008416527], [0.0021659096], [0.3417523], [0.006775995], [0.020269334], [0.21094449], [0.01093305], [0.036213607], [0.062753685], [0.15729637], [0.10621278], [0.25265256], [0.21846694], [0.25271928], [0.15855964], [0.00578016], [0.24211152], [0.37186876], [0.11320277], [0.12633704], [0.0057129934], [0.32803258], [0.28966284], [0.37608752], [0.2152547], [0.3235954], [0.090414405], [0.07045285], [0.1738306], [0.3518382], [0.0759046], [0.37399232], [0.011698402], [0.03360407], [0.09249036]]
PGI:	[[0.001666901], [0.022537204], [0.0031309195], [0.09407017], [0.08177129], [0.1766906], [0.36560607], [0.2061905], [0.11676349], [0.099290475], [0.36891347], [0.28776544], [0.0013479241], [0.00015458389], [0.17946674], [0.0069776946], [0.2975024], [0.010711617], [0.17695622], [0.08823332], [0.36158386], [0.0017216665], [0.0044454066], [0.007111274], [0.0026058399], [0.32296622], [0.36691433], [0.052592818], [0.00025913917], [0.000113705704], [0.00012094968], [0.29552448], [0.10683137], [0.22213836], [0.18024649], [0.3716222], [3.2790977e-05], [0.058300838], [0.37404498], [0.30638602], [0.37534982], [0.07528365], [0.25663042], [0.20791163], [9.6636286e-05], [0.094316155], [0.21128538], [0.14280026], [0.11886659], [0.15678456], [0.12124723], [0.18542585], [0.019021215], [0.2025736], [0.0002056757], [0.27200896], [0.0003218059], [9.5484946e-05], [0.019528072], [0.025408406], [0.021036688], [0.012083025], [0.13088445], [0.0040439637], [0.18844642], [0.00012973079], [0.32324874], [0.120959304], [0.12004048], [0.0074730814], [0.09555002], [0.0007673677], [0.12682971], [0.30960372], [0.28140402], [0.3731792], [0.07386202], [0.29238823], [0.13213135], [0.14623727], [0.2781367], [0.3620446]]
orig_inds:	[0, 1, 2, 3, 4, 5, 6, 7, 8, 9, 10, 11, 12, 14, 15, 16, 18, 19, 20, 21, 22, 23, 24, 25, 26, 27, 28, 29, 30, 31, 32, 33, 34, 35, 36, 37, 39, 40, 41, 44, 46, 47, 49, 50, 51, 52, 54, 55, 56, 57, 60, 61, 62, 63, 64, 65, 66, 67, 69, 70, 71, 72, 74, 75, 76, 77, 78, 79, 80, 81, 83, 85, 86, 88, 89, 90, 91, 92, 95, 96, 97, 99]
