
FA:	[[0.0], [0.0], [0.0], [0.0], [0.0], [0.0], [0.0], [0.0], [0.0], [0.0], [0.0], [0.0], [0.0], [0.0], [0.0], [0.0], [0.0], [0.0], [0.0], [0.0], [0.0], [0.0], [0.0], [0.0], [0.0], [0.0], [0.0], [0.0], [0.0], [0.0], [0.0], [0.0], [0.0], [0.0], [0.0], [0.0], [0.0], [0.0], [0.0], [0.0], [0.0], [0.0], [0.0], [0.0], [0.0], [0.0], [0.0], [0.0], [0.0], [0.0], [0.0], [0.0], [0.0], [0.0], [0.0], [0.0], [0.0], [0.0], [0.0], [0.0], [0.0], [0.0], [0.0], [0.0], [0.0], [0.0], [0.0], [0.0], [0.0], [0.0], [0.0], [0.0], [0.0], [0.0], [0.0], [0.0], [0.0], [0.0], [0.0], [0.0], [0.0], [0.0]]
RA:	[[0.0], [0.0], [0.0], [0.0], [0.0], [0.0], [0.0], [0.0], [0.0], [0.0], [0.0], [0.0], [0.0], [0.0], [0.0], [0.0], [0.0], [0.0], [0.0], [0.0], [0.0], [0.0], [0.0], [0.0], [0.0], [0.0], [0.0], [0.0], [0.0], [0.0], [0.0], [0.0], [0.0], [0.0], [0.0], [0.0], [0.0], [0.0], [0.0], [0.0], [0.0], [0.0], [0.0], [0.0], [0.0], [0.0], [0.0], [0.0], [0.0], [0.0], [0.0], [0.0], [0.0], [0.0], [0.0], [0.0], [0.0], [0.0], [0.0], [0.0], [0.0], [0.0], [0.0], [0.0], [0.0], [0.0], [0.0], [0.0], [0.0], [0.0], [0.0], [0.0], [0.0], [0.0], [0.0], [0.0], [0.0], [0.0], [0.0], [0.0], [0.0], [0.0]]
PGU:	[[0.07717509], [0.18426476], [0.23150449], [0.09697208], [0.08423956], [0.17344543], [0.36782467], [0.21486093], [0.123368055], [0.10397987], [0.36355805], [0.2875862], [0.2427481], [0.043553382], [0.18205298], [0.36436173], [0.30612257], [0.17088105], [0.17845517], [0.37007922], [0.36731955], [0.088781804], [0.33550712], [0.15264674], [0.2209716], [0.32782784], [0.37018773], [0.05904762], [0.1622242], [0.027502906], [0.03126652], [0.30175942], [0.35976768], [0.22320506], [0.18766616], [0.37293413], [0.0713036], [0.29462084], [0.3776135], [0.3142341], [0.37985295], [0.08302278], [0.26142818], [0.21179277], [0.10912506], [0.09211871], [0.21507837], [0.14291821], [0.12607348], [0.3463769], [0.12559462], [0.18601184], [0.22103208], [0.20340428], [0.03751525], [0.27284777], [0.15996453], [0.10683038], [0.26000556], [0.22424065], [0.254316], [0.1646524], [0.13608442], [0.24290091], [0.37719473], [0.11546802], [0.3339943], [0.13122703], [0.33113983], [0.28712258], [0.37817976], [0.21145672], [0.32686698], [0.3170748], [0.28499055], [0.37296686], [0.34888723], [0.2948935], [0.3714357], [0.15873536], [0.27767053], [0.36113313]]
PGI:	[[0.0001139247], [0.013507167], [0.0007987616], [0.0010536379], [0.0007403787], [0.0054327003], [0.13957042], [0.01051675], [0.0019089764], [0.0012293054], [0.08293156], [0.032573555], [0.00096916064], [8.72804e-06], [0.0063496595], [0.0049916646], [0.03762788], [0.004813684], [0.011200165], [0.08499403], [0.08411289], [0.0007847024], [0.0011732901], [0.0032595077], [0.0006502709], [0.053205073], [0.08684207], [0.00028044096], [9.4320596e-05], [2.6813466e-06], [7.125867e-05], [0.002349912], [0.07648521], [0.0128328], [0.0069141365], [0.14639369], [2.542659e-05], [0.007476019], [0.09412597], [0.043003608], [0.09506675], [0.0006261265], [0.02250157], [0.011456998], [7.49457e-05], [0.0008966358], [0.020260394], [0.0031074588], [0.0018179994], [0.11498651], [0.0020680157], [0.0067306166], [0.011171028], [0.018318981], [9.3925526e-05], [0.027672516], [8.7120825e-05], [7.3654606e-05], [0.00038039612], [0.012250082], [0.020327952], [0.00051297597], [0.0025688838], [0.0010384456], [0.02289699], [9.302307e-05], [0.054248463], [0.0021724275], [0.0032743232], [0.0018964203], [0.0059683104], [0.00059405586], [0.09119453], [0.04431557], [0.030295966], [0.0915633], [0.07106701], [0.034568515], [0.090434186], [0.00391979], [0.052543007], [0.13006406]]
orig_inds:	[0, 1, 2, 3, 4, 5, 6, 7, 8, 9, 10, 11, 12, 14, 15, 16, 18, 19, 20, 21, 22, 23, 24, 25, 26, 27, 28, 29, 30, 31, 32, 33, 34, 35, 36, 37, 39, 40, 41, 44, 46, 47, 49, 50, 51, 52, 54, 55, 56, 57, 60, 61, 62, 63, 64, 65, 66, 67, 69, 70, 71, 72, 74, 75, 76, 77, 78, 79, 80, 81, 83, 85, 86, 88, 89, 90, 91, 92, 95, 96, 97, 99]
