
FA:	[[0.5], [0.5], [0.0], [0.5], [0.0], [0.5], [1.0], [0.5], [0.5], [0.0], [0.5], [0.0], [0.0], [0.0], [0.5], [0.0], [0.0], [0.0], [1.0], [0.0], [0.5], [0.0], [0.0], [0.0], [0.0], [0.5], [0.0], [0.5], [0.0], [0.0], [0.0], [0.0], [0.0], [0.5], [0.5], [1.0], [0.0], [0.0], [0.0], [0.0], [0.5], [0.5], [0.5], [0.5], [0.0], [0.5], [1.0], [0.0], [0.0], [0.5], [0.5], [0.0], [0.0], [1.0], [0.0], [0.0], [0.0], [0.0], [0.0], [0.0], [0.0], [0.5], [0.0], [0.0], [0.5], [0.0], [0.5], [0.0], [0.5], [0.0], [0.0], [0.0], [0.5], [0.5], [0.5], [0.0], [0.0], [0.0], [0.0], [0.5], [1.0], [1.0]]
RA:	[[0.5], [0.0], [0.0], [0.0], [0.0], [0.0], [0.0], [0.0], [0.0], [0.0], [0.0], [0.0], [0.0], [0.0], [0.0], [0.0], [0.0], [0.0], [0.0], [0.0], [0.0], [0.0], [0.0], [0.0], [0.0], [0.0], [0.0], [0.0], [0.0], [0.0], [0.0], [0.0], [0.0], [0.0], [0.0], [0.0], [0.0], [0.0], [0.0], [0.0], [0.0], [0.0], [0.0], [0.0], [0.0], [0.0], [0.0], [0.0], [0.0], [0.0], [0.0], [0.0], [0.0], [0.0], [0.0], [0.0], [0.0], [0.0], [0.0], [0.0], [0.0], [0.5], [0.0], [0.0], [0.5], [0.0], [0.0], [0.0], [0.5], [0.0], [0.0], [0.0], [0.0], [0.0], [0.0], [0.0], [0.0], [0.0], [0.0], [0.0], [0.0], [0.0]]
PGU:	[[0.07252456], [0.18219987], [0.23213674], [0.0034676034], [0.081357144], [0.016983729], [0.1477604], [0.030327082], [0.00608331], [0.10075563], [0.175317], [0.29011655], [0.24721552], [0.043959912], [0.020130632], [0.36400685], [0.30565596], [0.17061046], [0.012564513], [0.3707792], [0.17786537], [0.087023325], [0.3358496], [0.146891], [0.21613024], [0.125429], [0.3706977], [0.00089866476], [0.16236106], [0.026263028], [0.030711617], [0.30889836], [0.36075908], [0.036671057], [0.0208089], [0.15237164], [0.07234017], [0.29047853], [0.37730828], [0.31116483], [0.19315585], [0.0020783488], [0.059006073], [0.03434775], [0.10943896], [0.0029683048], [0.021794034], [0.14767168], [0.11790939], [0.34484056], [0.0065317657], [0.18307595], [0.21470737], [0.019560862], [0.034906007], [0.2773564], [0.15799305], [0.10386958], [0.25178236], [0.2249082], [0.25616682], [0.1582542], [0.1374451], [0.2504728], [0.37786725], [0.11860095], [0.12943885], [0.1278746], [0.32824814], [0.2954336], [0.37653294], [0.21261382], [0.33020702], [0.107933365], [0.07887851], [0.37411192], [0.35396546], [0.29477668], [0.37499115], [0.013072315], [0.057379913], [0.13847685]]
PGI:	[[0.0011049624], [0.016762882], [0.00086045807], [0.093060605], [0.0011479495], [0.17001036], [0.3672208], [0.20631784], [0.12060581], [0.0018707092], [0.3629231], [0.04799997], [0.0010355623], [9.396666e-06], [0.1744682], [0.0053058364], [0.055667255], [0.007492824], [0.17000216], [0.0854699], [0.3672584], [0.0012258299], [0.003621566], [0.0050093792], [0.00069468294], [0.32884452], [0.118469775], [0.0528905], [0.00012692134], [3.2559096e-06], [9.945068e-05], [0.0025076056], [0.105674036], [0.22052185], [0.18402553], [0.37231588], [2.6945925e-05], [0.033846308], [0.12786774], [0.06084843], [0.37686026], [0.07656235], [0.25986448], [0.21160518], [8.072109e-05], [0.087117024], [0.21180053], [0.0032419132], [0.0027821492], [0.13043517], [0.11621889], [0.006942271], [0.015572546], [0.20264229], [0.00014238608], [0.04058351], [0.00024258583], [7.909981e-05], [0.004234429], [0.018480942], [0.021322006], [0.007986664], [0.0039449567], [0.0010896771], [0.15138046], [9.768844e-05], [0.32784674], [0.0022150825], [0.091747865], [0.007313893], [0.0063974657], [0.0006377132], [0.106739536], [0.31585398], [0.27501824], [0.1261034], [0.07203179], [0.051276624], [0.11720601], [0.14938028], [0.27535334], [0.35836172]]
orig_inds:	[0, 1, 2, 3, 4, 5, 6, 7, 8, 9, 10, 11, 12, 14, 15, 16, 18, 19, 20, 21, 22, 23, 24, 25, 26, 27, 28, 29, 30, 31, 32, 33, 34, 35, 36, 37, 39, 40, 41, 44, 46, 47, 49, 50, 51, 52, 54, 55, 56, 57, 60, 61, 62, 63, 64, 65, 66, 67, 69, 70, 71, 72, 74, 75, 76, 77, 78, 79, 80, 81, 83, 85, 86, 88, 89, 90, 91, 92, 95, 96, 97, 99]
