
FA:	[[0.0], [0.0], [0.0], [0.0], [0.0], [0.0], [0.0], [0.0], [0.0], [0.0], [0.0], [0.0], [0.0], [0.0], [0.0], [0.0], [0.0], [0.0], [0.0], [0.0], [0.0], [0.0], [0.0], [0.0], [0.0], [0.0], [0.0], [0.0], [0.0], [0.0], [0.0], [0.0], [1.0], [1.0], [0.0], [0.0], [0.0], [1.0], [0.0], [0.0], [0.0], [0.0], [0.0], [1.0], [0.0], [0.0], [0.0], [0.0], [0.0], [0.0], [0.0], [1.0], [0.0], [1.0], [0.0], [0.0], [0.0], [0.0], [0.0], [0.0], [0.0], [0.0], [0.0], [0.0], [0.0], [1.0], [0.0], [0.0], [0.0], [0.0], [0.0], [0.0], [0.0], [0.0], [0.0], [0.0], [0.0], [0.0], [0.0], [0.0]]
RA:	[[0.0], [0.0], [0.0], [0.0], [0.0], [0.0], [0.0], [0.0], [0.0], [0.0], [0.0], [0.0], [0.0], [0.0], [0.0], [0.0], [0.0], [0.0], [0.0], [0.0], [0.0], [0.0], [0.0], [0.0], [0.0], [0.0], [0.0], [0.0], [0.0], [0.0], [0.0], [0.0], [1.0], [1.0], [0.0], [0.0], [0.0], [1.0], [0.0], [0.0], [0.0], [0.0], [0.0], [1.0], [0.0], [0.0], [0.0], [0.0], [0.0], [0.0], [0.0], [1.0], [0.0], [1.0], [0.0], [0.0], [0.0], [0.0], [0.0], [0.0], [0.0], [0.0], [0.0], [0.0], [0.0], [1.0], [0.0], [0.0], [0.0], [0.0], [0.0], [0.0], [0.0], [0.0], [0.0], [0.0], [0.0], [0.0], [0.0], [0.0]]
PGU:	[[0.042019896], [0.041324157], [0.0466129], [0.04321708], [0.040047947], [0.04607843], [0.03957203], [0.046640713], [0.047091503], [0.034476787], [0.036865372], [0.044453114], [0.03292738], [0.044817574], [0.042603366], [0.045021467], [0.04458956], [0.047470707], [0.03214965], [0.04642889], [0.032922808], [0.04764758], [0.047178723], [0.04701947], [0.036933254], [0.039734785], [0.043445792], [0.03678379], [0.047103163], [0.0383857], [0.046734054], [0.042384766], [0.018659305], [0.021125536], [0.04325193], [0.04042491], [0.047494397], [0.021409614], [0.0470995], [0.03868882], [0.0442862], [0.038462672], [0.046418793], [0.020414028], [0.03964099], [0.044392496], [0.038166597], [0.031674743], [0.046770036], [0.045860775], [0.044170417], [0.018918721], [0.0340872], [0.021351261], [0.043456625], [0.043225333], [0.04007003], [0.046328247], [0.047416724], [0.04710999], [0.046233684], [0.046354253], [0.03257005], [0.04712042], [0.043772157], [0.021392446], [0.033907667], [0.0363964], [0.045788653], [0.04702616], [0.043889806], [0.036053207], [0.045690477], [0.04595999], [0.04686429], [0.046592824], [0.038782373], [0.04389267], [0.04125941], [0.046983726]]
PGI:	[[0.007283144], [0.007110745], [0.007978331], [0.007369787], [0.0068298583], [0.008107415], [0.006801837], [0.008219881], [0.008152816], [0.015067576], [0.006221041], [0.007685617], [0.005560695], [0.007901407], [0.018488904], [0.0076765153], [0.00765259], [0.0080562], [0.0054017263], [0.007970437], [0.014299733], [0.008220667], [0.008002784], [0.008187448], [0.0062444], [0.007005568], [0.007532287], [0.0062140906], [0.008136036], [0.006547422], [0.008076471], [0.0072576646], [0.03775085], [0.04290961], [0.0074081062], [0.0069691506], [0.008112956], [0.042572677], [0.008070785], [0.006638184], [0.007446614], [0.0067043947], [0.007911998], [0.041341793], [0.0067488123], [0.018843303], [0.0067177704], [0.0138347065], [0.008004822], [0.007951925], [0.007530555], [0.038488317], [0.0058053993], [0.043342937], [0.018808298], [0.007395772], [0.0068031335], [0.008191532], [0.008136643], [0.00817873], [0.007956507], [0.007869829], [0.005518324], [0.008175776], [0.019119637], [0.043436363], [0.0058654295], [0.0062737325], [0.0079119755], [0.00806104], [0.007573416], [0.015446399], [0.00796533], [0.007938719], [0.008106485], [0.007939723], [0.006638006], [0.0075235884], [0.00715589], [0.0081915]]
orig_inds:	[0, 1, 2, 3, 4, 5, 6, 7, 8, 11, 13, 14, 15, 16, 17, 19, 21, 22, 23, 25, 26, 28, 30, 31, 32, 33, 34, 35, 36, 37, 38, 40, 41, 42, 43, 45, 48, 49, 50, 51, 53, 54, 55, 56, 57, 58, 59, 60, 61, 63, 64, 65, 68, 69, 70, 72, 73, 74, 75, 77, 78, 79, 80, 81, 82, 84, 85, 86, 87, 88, 89, 90, 91, 92, 93, 94, 95, 96, 98, 99]
