
FA:	[[1.0], [1.0], [1.0], [1.0], [1.0], [1.0], [1.0], [1.0], [1.0], [1.0], [1.0], [1.0], [1.0], [1.0], [1.0], [1.0], [1.0], [1.0], [1.0], [1.0], [1.0], [1.0], [1.0], [1.0], [1.0], [1.0], [1.0], [1.0], [1.0], [1.0], [1.0], [1.0], [1.0], [1.0], [1.0], [1.0], [1.0], [1.0], [1.0], [1.0], [1.0], [1.0], [1.0], [1.0], [1.0], [1.0], [1.0], [1.0], [1.0], [1.0], [1.0], [1.0], [1.0], [1.0], [1.0], [1.0], [1.0], [1.0], [1.0], [1.0], [1.0], [1.0], [1.0], [1.0], [1.0], [1.0], [1.0], [1.0], [1.0], [1.0], [1.0], [1.0], [1.0], [1.0], [1.0], [1.0], [1.0], [1.0], [1.0], [1.0]]
RA:	[[0.25], [0.0], [0.25], [0.25], [0.25], [0.25], [0.25], [0.0], [0.25], [0.5], [0.25], [0.25], [0.25], [0.5], [0.0], [0.25], [0.25], [0.0], [0.25], [0.25], [0.0], [0.25], [0.25], [0.25], [0.25], [0.25], [0.0], [0.25], [0.25], [0.0], [0.25], [0.5], [1.0], [0.5], [0.25], [0.25], [0.5], [0.5], [0.0], [0.5], [0.25], [0.25], [0.0], [1.0], [0.25], [0.5], [0.25], [0.5], [0.0], [0.25], [0.25], [0.5], [0.25], [0.5], [0.5], [0.25], [0.0], [0.25], [0.25], [0.0], [0.25], [0.25], [0.25], [0.25], [0.5], [0.5], [0.5], [0.25], [0.25], [0.25], [0.25], [0.5], [0.0], [0.25], [0.25], [0.25], [0.25], [0.25], [0.25], [0.25]]
PGU:	[[0.0], [0.0], [0.0], [0.0], [0.0], [0.0], [0.0], [0.0], [0.0], [0.0], [0.0], [5.9604645e-08], [0.0], [0.0], [0.0], [0.0], [0.0], [0.0], [0.0], [0.0], [0.0], [0.0], [0.0], [0.0], [0.0], [0.0], [0.0], [0.0], [0.0], [0.0], [0.0], [0.0], [0.0], [0.0], [0.0], [0.0], [0.0], [0.0], [0.0], [0.0], [0.0], [0.0], [0.0], [0.0], [0.0], [0.0], [0.0], [0.0], [0.0], [0.0], [0.0], [0.0], [0.0], [0.0], [0.0], [0.0], [2.9802322e-08], [0.0], [0.0], [0.0], [0.0], [0.0], [0.0], [0.0], [0.0], [0.0], [0.0], [0.0], [0.0], [0.0], [0.0], [0.0], [0.0], [0.0], [0.0], [0.0], [0.0], [0.0], [0.0], [0.0]]
PGI:	[[0.043191712], [0.04164911], [0.046909932], [0.043386932], [0.040845286], [0.047042985], [0.0402432], [0.04810733], [0.04783894], [0.037831698], [0.037143864], [0.044972934], [0.033255897], [0.045843963], [0.046561472], [0.045084614], [0.04557273], [0.04660432], [0.03241943], [0.046916265], [0.03548775], [0.04776511], [0.047820225], [0.04761352], [0.037661456], [0.04120212], [0.04388945], [0.037304908], [0.047926746], [0.03874704], [0.047667533], [0.04314951], [0.04184878], [0.04770855], [0.043284416], [0.041100882], [0.04778802], [0.047428593], [0.048250712], [0.0394223], [0.044525854], [0.03922863], [0.04720275], [0.046192437], [0.040309176], [0.04754478], [0.039603937], [0.034216426], [0.04685662], [0.046514116], [0.044684544], [0.04266203], [0.03465699], [0.047870323], [0.046703603], [0.04361059], [0.039677937], [0.047367185], [0.04797813], [0.04787353], [0.046779253], [0.047400102], [0.032606795], [0.04773497], [0.047683686], [0.048049632], [0.034673527], [0.037268545], [0.046776585], [0.04824955], [0.0443474], [0.039593946], [0.046081487], [0.04749991], [0.04760008], [0.046780687], [0.039565895], [0.044316743], [0.041494608], [0.047386996]]
orig_inds:	[0, 1, 2, 3, 4, 5, 6, 7, 8, 11, 13, 14, 15, 16, 17, 19, 21, 22, 23, 25, 26, 28, 30, 31, 32, 33, 34, 35, 36, 37, 38, 40, 41, 42, 43, 45, 48, 49, 50, 51, 53, 54, 55, 56, 57, 58, 59, 60, 61, 63, 64, 65, 68, 69, 70, 72, 73, 74, 75, 77, 78, 79, 80, 81, 82, 84, 85, 86, 87, 88, 89, 90, 91, 92, 93, 94, 95, 96, 98, 99]
