
FA:	[[0.5], [0.5], [0.5], [0.5], [0.5], [0.5], [0.5], [0.5], [0.5], [1.0], [0.5], [0.5], [0.5], [0.5], [1.0], [0.5], [0.5], [0.5], [0.5], [0.5], [1.0], [0.5], [0.5], [0.5], [0.5], [0.5], [0.5], [0.5], [0.5], [0.5], [0.5], [0.5], [1.0], [0.5], [0.5], [0.5], [0.5], [0.5], [0.5], [0.5], [0.5], [0.5], [0.5], [1.0], [0.5], [1.0], [0.5], [1.0], [0.5], [0.5], [0.5], [0.5], [0.5], [0.5], [1.0], [0.5], [0.5], [0.5], [0.5], [0.5], [0.5], [0.5], [0.5], [0.5], [1.0], [0.5], [0.5], [0.5], [0.5], [0.5], [0.5], [1.0], [0.5], [0.5], [0.5], [0.5], [0.5], [0.5], [0.5], [0.5]]
RA:	[[0.0], [0.0], [0.0], [0.0], [0.0], [0.0], [0.0], [0.0], [0.0], [0.0], [0.0], [0.0], [0.0], [0.5], [0.0], [0.0], [0.0], [0.0], [0.0], [0.0], [0.0], [0.0], [0.0], [0.0], [0.0], [0.0], [0.0], [0.0], [0.0], [0.0], [0.0], [0.5], [1.0], [0.5], [0.0], [0.0], [0.5], [0.5], [0.0], [0.5], [0.0], [0.0], [0.0], [1.0], [0.0], [0.0], [0.0], [0.0], [0.0], [0.0], [0.0], [0.5], [0.0], [0.5], [0.0], [0.0], [0.0], [0.0], [0.0], [0.0], [0.0], [0.0], [0.0], [0.0], [0.0], [0.5], [0.5], [0.0], [0.0], [0.0], [0.0], [0.0], [0.0], [0.0], [0.0], [0.0], [0.0], [0.0], [0.0], [0.0]]
PGU:	[[0.017550996], [0.01730577], [0.019560326], [0.018112803], [0.016671354], [0.019396378], [0.016603922], [0.01987652], [0.01935703], [0.0074597467], [0.015257608], [0.018392295], [0.01369461], [0.041758724], [0.009351235], [0.018624619], [0.018436877], [0.019583065], [0.013195435], [0.01924899], [0.007217041], [0.019613927], [0.019722832], [0.019737072], [0.015248602], [0.016669987], [0.017817158], [0.015241628], [0.019529006], [0.016100097], [0.019756293], [0.03913258], [0.008572553], [0.019639935], [0.017821703], [0.017256701], [0.04343135], [0.02007089], [0.0194656], [0.03549069], [0.018605772], [0.016187482], [0.019343834], [0.009210296], [0.01641405], [0.009727099], [0.016323255], [0.006834082], [0.019440731], [0.019363057], [0.018236032], [0.017510979], [0.014022316], [0.019875107], [0.009421418], [0.0180221], [0.01649267], [0.019567544], [0.019683221], [0.019541308], [0.01935927], [0.019295642], [0.01353826], [0.019800646], [0.009589747], [0.02087829], [0.03175316], [0.015196033], [0.019483991], [0.01965645], [0.018256655], [0.007854747], [0.019252531], [0.019203337], [0.019619571], [0.019175671], [0.01637567], [0.01820558], [0.017210556], [0.019494427]]
PGI:	[[0.039476357], [0.038330313], [0.04260338], [0.039446753], [0.03693678], [0.043218214], [0.0366604], [0.04336685], [0.043117378], [0.036666967], [0.034370974], [0.040542256], [0.030100247], [0.019697303], [0.04542695], [0.04146323], [0.042000704], [0.0429629], [0.029680224], [0.043274727], [0.035317697], [0.043440856], [0.04375379], [0.043441355], [0.033756196], [0.037685078], [0.040505964], [0.033587776], [0.043646056], [0.035525903], [0.044353105], [0.018664693], [0.04125274], [0.043439537], [0.03982163], [0.03802025], [0.02065955], [0.043902315], [0.043532424], [0.016866704], [0.04089228], [0.03588937], [0.04268875], [0.045508098], [0.03647316], [0.046302553], [0.036187924], [0.03426085], [0.042583298], [0.042840358], [0.040589623], [0.03873144], [0.031512428], [0.043404844], [0.045646332], [0.04068157], [0.036797695], [0.043905813], [0.043994486], [0.043276522], [0.043001775], [0.042285845], [0.029774956], [0.043823455], [0.047649678], [0.043269213], [0.014886174], [0.033756997], [0.04325482], [0.0434841], [0.04031913], [0.038580094], [0.04179905], [0.04287447], [0.04356048], [0.042656656], [0.03586072], [0.040503632], [0.038564447], [0.04326118]]
orig_inds:	[0, 1, 2, 3, 4, 5, 6, 7, 8, 11, 13, 14, 15, 16, 17, 19, 21, 22, 23, 25, 26, 28, 30, 31, 32, 33, 34, 35, 36, 37, 38, 40, 41, 42, 43, 45, 48, 49, 50, 51, 53, 54, 55, 56, 57, 58, 59, 60, 61, 63, 64, 65, 68, 69, 70, 72, 73, 74, 75, 77, 78, 79, 80, 81, 82, 84, 85, 86, 87, 88, 89, 90, 91, 92, 93, 94, 95, 96, 98, 99]
