
FA:	[]
RA:	[]
PGU:	[[0.0], [0.0], [0.0], [0.0], [0.0], [0.0], [3.259629e-09], [0.0], [0.0], [0.0], [0.0], [0.0], [2.3874236e-12], [1.6298145e-09], [0.0], [0.0], [0.0], [0.0], [0.0], [0.0], [0.0], [9.313226e-10], [2.6077032e-08], [0.0], [0.0], [0.0], [0.0], [0.0], [0.0], [0.0], [0.0], [0.0], [0.0], [5.9604645e-08], [0.0], [0.0], [0.0], [4.0745363e-10], [0.0], [0.0], [0.0], [0.0], [0.0], [0.0], [5.820766e-10], [1.4901161e-08], [0.0], [0.0], [0.0], [0.0], [0.0], [0.0], [0.0], [4.656613e-10], [0.0], [0.0], [0.0], [0.0], [1.1175871e-08], [0.0], [1.6007107e-10], [0.0], [0.0], [5.820766e-10], [0.0], [0.0], [0.0], [1.4551915e-10], [0.0], [0.0], [0.0], [0.0], [0.0], [0.0], [0.0], [0.0], [0.0], [0.0], [0.0], [0.0], [2.3841858e-07], [2.7284841e-11]]
PGI:	[[8.721873e-05], [0.00014830516], [0.36022037], [0.06419906], [0.017198011], [0.35889956], [0.12345687], [0.19190314], [0.36671245], [0.0004060149], [6.641923e-05], [0.08074214], [2.8585408e-05], [0.122741066], [0.041143257], [0.34424773], [0.0042422316], [0.35874787], [5.7735264e-07], [0.2298134], [0.0016158104], [0.09080243], [0.29260406], [0.20244853], [0.0011546456], [0.019205263], [0.116030455], [0.030417114], [0.16705894], [9.971107e-05], [0.08148111], [0.061020635], [0.039037354], [0.3952211], [0.09796124], [0.0007560376], [0.23542628], [0.052976415], [0.2126056], [0.0072713676], [0.057628278], [0.0065663275], [0.35560033], [0.172482], [0.03319225], [0.30331185], [0.00049311033], [0.0005892073], [0.35846412], [0.0022905231], [0.12364482], [0.013700516], [0.0005783751], [0.09102269], [0.35866162], [0.0002124398], [0.00019523976], [0.3698704], [0.26944727], [0.36607537], [0.016424116], [0.060597863], [0.00025737385], [0.06352551], [0.046666525], [0.37988585], [0.00052195124], [0.026388114], [0.21099529], [0.12824436], [0.089389704], [0.006766997], [0.042882845], [0.35893667], [0.3662653], [0.08577362], [2.1545082e-05], [0.113440946], [0.042530335], [0.17245424], [0.32954246], [0.002790497]]
orig_inds:	[1, 2, 3, 4, 5, 6, 8, 11, 13, 14, 15, 16, 17, 19, 20, 21, 22, 23, 25, 26, 27, 28, 30, 31, 32, 33, 34, 35, 36, 37, 38, 39, 40, 41, 42, 43, 44, 45, 48, 49, 50, 51, 53, 54, 55, 56, 57, 58, 59, 60, 61, 63, 64, 65, 67, 68, 70, 71, 72, 73, 74, 75, 77, 78, 79, 80, 81, 84, 85, 87, 88, 89, 90, 91, 92, 93, 94, 95, 96, 97, 98, 99]
