
FA:	[]
RA:	[]
PGU:	[[0.0], [6.8212103e-12], [2.9802322e-08], [0.0], [0.0], [2.9802322e-08], [4.1909516e-09], [0.0], [8.940697e-08], [0.0], [0.0], [0.0], [2.3874236e-12], [8.1490725e-10], [0.0], [4.4703484e-08], [0.0], [2.9802322e-08], [0.0], [0.0], [0.0], [1.7462298e-09], [3.1664968e-08], [3.0733645e-08], [1.2732926e-11], [0.0], [0.0], [0.0], [0.0], [0.0], [9.313226e-10], [0.0], [0.0], [1.1920929e-07], [8.1490725e-10], [0.0], [0.0], [0.0], [0.0], [0.0], [0.0], [0.0], [2.9802322e-08], [0.0], [5.820766e-10], [2.6077032e-08], [0.0], [0.0], [2.9802322e-08], [0.0], [0.0], [0.0], [0.0], [0.0], [2.9802322e-08], [0.0], [1.4551915e-11], [8.940697e-08], [2.2351742e-08], [8.940697e-08], [0.0], [2.910383e-10], [0.0], [5.820766e-10], [0.0], [5.9604645e-08], [0.0], [1.4551915e-10], [6.519258e-09], [2.7939677e-09], [0.0], [0.0], [0.0], [2.9802322e-08], [8.940697e-08], [0.0], [0.0], [0.0], [0.0], [0.0], [5.9604645e-08], [0.0], [6.9849193e-09], [0.0], [0.0], [1.0477379e-09], [1.8626451e-08]]
PGI:	[[6.6008535e-05], [0.0001831289], [0.35539648], [0.062845536], [0.018429242], [0.35433778], [0.11973938], [0.19461158], [0.3652772], [0.00037912332], [6.7491565e-05], [0.07770545], [1.6609572e-05], [0.122289576], [0.04318653], [0.34557486], [0.003993881], [0.35443947], [5.622622e-07], [0.22828948], [0.0009035555], [0.08602584], [0.29269433], [0.20480125], [0.0010944011], [0.017721439], [0.11741642], [0.032265257], [0.16313863], [0.00012304082], [0.08293756], [0.061875764], [0.03960797], [0.39529344], [0.09782451], [0.00080664846], [0.23280542], [0.052997302], [0.21542607], [0.006285124], [0.0570013], [0.0068177725], [0.35312486], [0.17374115], [0.034907773], [0.30188727], [0.00035208295], [0.000589215], [0.35591328], [0.0016674568], [0.12085213], [0.01592566], [0.0005304564], [0.10041803], [0.357454], [0.00024217625], [0.00013769115], [0.36525643], [0.27218503], [0.36924803], [0.016202897], [0.059208818], [0.00025707993], [0.062076826], [0.048392195], [0.37938482], [0.0005796849], [0.02793128], [0.21088286], [0.1290533], [0.08963265], [0.0070381765], [0.04239507], [0.35782906], [0.3677339], [0.08972453], [2.099189e-05], [0.116110496], [0.04366208], [0.1744612], [0.33253485], [0.0030543092], [0.19061753], [0.0004931715], [0.0023179105], [0.09768582], [0.19742541]]
orig_inds:	[0, 1, 2, 5, 6, 7, 8, 10, 11, 12, 13, 14, 15, 16, 17, 18, 19, 20, 21, 22, 23, 24, 25, 26, 27, 28, 29, 30, 31, 34, 35, 36, 37, 38, 39, 40, 41, 42, 43, 44, 45, 46, 48, 49, 50, 51, 52, 53, 54, 56, 57, 58, 59, 60, 61, 62, 63, 65, 67, 68, 69, 70, 71, 72, 74, 75, 76, 77, 78, 79, 80, 81, 83, 84, 85, 88, 89, 90, 91, 92, 93, 94, 95, 96, 97, 98, 99, 100, 101, 102, 103, 104, 105, 106, 107, 108, 109, 110, 111, 112, 113, 114, 115, 116, 117, 118, 119, 120, 121, 122, 123, 124, 125, 126, 127, 128, 129, 130, 131, 132, 133, 134, 135, 136, 137, 138, 139, 140, 141, 142, 143, 144, 145, 146, 147, 148, 149]
