
FA:	[]
RA:	[]
PGU:	[[0.0], [0.0], [0.0], [0.0], [0.0], [0.0], [3.259629e-09], [0.0], [0.0], [0.0], [0.0], [0.0], [2.3874236e-12], [1.6298145e-09], [0.0], [0.0], [0.0], [0.0], [0.0], [0.0], [0.0], [9.313226e-10], [2.6077032e-08], [0.0], [0.0], [0.0], [0.0], [0.0], [0.0], [0.0], [0.0], [0.0], [0.0], [5.9604645e-08], [0.0], [0.0], [0.0], [4.0745363e-10], [0.0], [0.0], [0.0], [0.0], [0.0], [0.0], [5.820766e-10], [1.4901161e-08], [0.0], [0.0], [0.0], [0.0], [0.0], [0.0], [0.0], [4.656613e-10], [0.0], [0.0], [0.0], [0.0], [1.1175871e-08], [0.0], [1.6007107e-10], [0.0], [0.0], [5.820766e-10], [0.0], [0.0], [0.0], [1.4551915e-10], [0.0], [0.0], [0.0], [0.0], [0.0], [0.0], [0.0], [0.0], [0.0], [0.0], [0.0], [0.0], [2.3841858e-07], [2.7284841e-11], [0.0], [0.0], [0.0], [0.0], [3.7252903e-08]]
PGI:	[[9.611656e-05], [0.00023758643], [0.35803097], [0.06358238], [0.015766], [0.35821795], [0.12176026], [0.18912433], [0.36577645], [0.00040523816], [7.004813e-05], [0.07778453], [3.7104146e-05], [0.1198531], [0.0437995], [0.34562704], [0.004240105], [0.35587525], [5.924682e-07], [0.23021792], [0.0013473553], [0.08670331], [0.29148966], [0.20305543], [0.0011496283], [0.01728826], [0.115696006], [0.029694812], [0.16171682], [0.000105611456], [0.07756501], [0.061458472], [0.038807478], [0.39719817], [0.09994996], [0.00075925235], [0.23004238], [0.053132843], [0.21448535], [0.0076138726], [0.053777967], [0.0069409325], [0.35563207], [0.18157107], [0.0343129], [0.3007044], [0.00032629858], [0.0007006282], [0.35719907], [0.002064931], [0.12205959], [0.015598462], [0.00057282014], [0.0951234], [0.35241085], [0.00015927835], [0.00018163421], [0.3656202], [0.2691313], [0.3656367], [0.017317412], [0.06034251], [0.00024909602], [0.06287678], [0.048391175], [0.38085404], [0.00048314792], [0.027687332], [0.21645965], [0.12888522], [0.09283217], [0.006925259], [0.042864025], [0.35737455], [0.36504534], [0.0875816], [2.1949792e-05], [0.115303], [0.044832163], [0.17040311], [0.3314279], [0.0030053514], [0.18593155], [0.00040057622], [0.0023893125], [0.09499899], [0.1960192]]
orig_inds:	[1, 2, 3, 4, 5, 6, 7, 8, 11, 13, 14, 15, 16, 17, 19, 20, 21, 22, 23, 24, 25, 26, 27, 28, 30, 31, 32, 33, 34, 35, 36, 37, 38, 39, 40, 41, 42, 43, 44, 45, 48, 49, 50, 51, 53, 54, 55, 56, 57, 58, 59, 60, 61, 63, 64, 65, 67, 68, 69, 70, 71, 72, 73, 74, 75, 77, 78, 79, 80, 81, 82, 84, 85, 86, 87, 88, 89, 90, 91, 92, 93, 94, 95, 96, 97, 98, 99]
