
FA:	[[1.0], [1.0], [0.0], [1.0], [1.0], [0.0], [1.0], [1.0], [1.0], [1.0], [1.0], [1.0], [1.0], [1.0], [1.0], [1.0], [1.0], [1.0], [1.0], [1.0], [1.0], [1.0], [1.0], [1.0], [1.0], [1.0], [1.0], [0.0], [1.0], [1.0], [1.0], [1.0], [1.0], [1.0], [1.0], [0.0], [0.0], [1.0], [1.0], [0.0], [1.0], [1.0], [1.0], [1.0], [1.0], [0.0], [1.0], [1.0], [1.0], [0.0], [0.0], [0.0], [1.0], [0.0], [1.0], [1.0], [1.0], [1.0], [1.0], [1.0], [1.0], [1.0], [1.0], [1.0], [1.0], [1.0], [1.0], [1.0], [0.0], [1.0], [1.0], [1.0], [1.0], [1.0], [1.0], [0.0], [0.0], [0.0], [1.0], [0.0], [1.0], [1.0]]
RA:	[[1.0], [1.0], [0.0], [1.0], [1.0], [0.0], [1.0], [1.0], [1.0], [1.0], [1.0], [1.0], [1.0], [1.0], [1.0], [1.0], [1.0], [1.0], [1.0], [1.0], [1.0], [1.0], [1.0], [1.0], [1.0], [1.0], [1.0], [0.0], [1.0], [1.0], [1.0], [1.0], [1.0], [1.0], [1.0], [0.0], [0.0], [1.0], [1.0], [0.0], [1.0], [1.0], [1.0], [1.0], [1.0], [0.0], [1.0], [1.0], [1.0], [0.0], [0.0], [0.0], [1.0], [0.0], [1.0], [1.0], [1.0], [1.0], [1.0], [1.0], [1.0], [1.0], [1.0], [1.0], [1.0], [1.0], [1.0], [1.0], [0.0], [1.0], [1.0], [1.0], [1.0], [1.0], [1.0], [0.0], [0.0], [0.0], [1.0], [0.0], [1.0], [1.0]]
PGU:	[[0.018980404], [0.018753242], [0.046431575], [0.019233812], [0.018114999], [0.046319596], [0.018065305], [0.021021307], [0.021129623], [0.016657557], [0.016415749], [0.020276142], [0.014851436], [0.020841517], [0.020898096], [0.020143444], [0.020012876], [0.02093357], [0.014242703], [0.020829113], [0.015716298], [0.021190934], [0.021632066], [0.021289822], [0.016511066], [0.01818652], [0.019724997], [0.036297493], [0.02102145], [0.017395379], [0.02134514], [0.019488342], [0.018759241], [0.020938914], [0.019363077], [0.04105859], [0.04807132], [0.0211647], [0.021120166], [0.035841085], [0.019913567], [0.017341588], [0.02093894], [0.020473937], [0.018026141], [0.043711275], [0.017533539], [0.015306447], [0.021224197], [0.046047617], [0.0415539], [0.042651325], [0.015331043], [0.047263704], [0.020658331], [0.019462237], [0.01809443], [0.021171208], [0.021402627], [0.021209357], [0.020992722], [0.020653628], [0.014240425], [0.021104956], [0.021373339], [0.021208499], [0.015262487], [0.016318401], [0.04768172], [0.021162866], [0.019824708], [0.017484363], [0.020803763], [0.020823017], [0.02145777], [0.044096842], [0.039257076], [0.04342372], [0.018706009], [0.0443038], [0.020828957], [0.019583791]]
PGI:	[[0.03878964], [0.037669174], [0.008021579], [0.038799834], [0.036537517], [0.00802792], [0.03602881], [0.04325278], [0.042772893], [0.0340671], [0.03368643], [0.039750718], [0.02988485], [0.041503474], [0.041341707], [0.040938452], [0.04119606], [0.0426804], [0.029254144], [0.04233969], [0.032462206], [0.04284262], [0.043043703], [0.042696215], [0.03356086], [0.036559206], [0.039605483], [0.0062222844], [0.042584028], [0.034988664], [0.043264102], [0.038684495], [0.037925463], [0.042630773], [0.038854267], [0.006929523], [0.0052427566], [0.043017413], [0.0426577], [0.0154841235], [0.040126864], [0.035356965], [0.042515334], [0.04095289], [0.035843093], [0.018994791], [0.03524162], [0.030861346], [0.042452365], [0.0078437], [0.017804978], [0.004595089], [0.03117512], [0.008120196], [0.04202849], [0.03931611], [0.0359781], [0.042953804], [0.042962767], [0.042666603], [0.042139087], [0.04229425], [0.028939407], [0.04289685], [0.0432711], [0.043493688], [0.031114554], [0.033185642], [0.005102105], [0.042950407], [0.0394517], [0.035176057], [0.041573323], [0.04317155], [0.04281823], [0.018575512], [0.0042517018], [0.007451299], [0.037773624], [0.018981598], [0.041893028], [0.03994893]]
orig_inds:	[1, 2, 3, 4, 5, 6, 7, 9, 10, 11, 12, 13, 14, 15, 16, 17, 18, 19, 21, 22, 23, 24, 25, 26, 28, 29, 30, 31, 33, 36, 37, 38, 41, 42, 43, 45, 46, 47, 48, 49, 50, 52, 53, 54, 55, 56, 58, 59, 60, 62, 63, 64, 65, 66, 67, 68, 70, 72, 73, 75, 76, 77, 78, 79, 80, 81, 82, 83, 84, 85, 86, 87, 88, 89, 90, 91, 92, 94, 96, 97, 98, 99]
