
FA:	[[1.0], [0.5], [0.5], [0.5], [0.5], [0.0], [0.5], [0.5], [0.5], [0.5], [0.5], [0.5], [0.5], [1.0], [0.5], [0.5], [0.5], [1.0], [1.0], [0.5], [0.5], [0.5], [0.5], [0.5], [0.5], [1.0], [0.5], [0.5], [0.5], [0.5], [0.5], [0.5], [0.5], [0.5], [0.5], [0.5], [0.5], [0.5], [0.5], [0.5], [0.5], [0.5], [0.5], [0.5], [0.5], [0.5], [0.5], [0.5], [0.5], [0.0], [0.5], [0.5], [0.5], [0.5], [0.5], [0.5], [0.5], [0.5], [0.5], [0.5], [0.5], [0.5], [0.5], [0.5], [0.5], [0.5], [0.5], [0.5], [0.0], [0.5], [1.0], [0.5], [0.5], [0.5], [0.5], [0.5], [0.5], [0.5], [0.5], [1.0], [0.5], [1.0]]
RA:	[[1.0], [0.5], [0.5], [0.5], [0.5], [0.0], [0.5], [0.5], [0.5], [0.5], [0.5], [0.5], [0.5], [1.0], [0.5], [0.5], [0.5], [1.0], [1.0], [0.5], [0.5], [0.5], [0.5], [0.5], [0.5], [1.0], [0.5], [0.5], [0.5], [0.5], [0.5], [0.5], [0.5], [0.5], [0.5], [0.5], [0.0], [0.5], [0.5], [0.0], [0.5], [0.5], [0.5], [0.5], [0.5], [0.0], [0.5], [0.5], [0.5], [0.0], [0.0], [0.0], [0.5], [0.0], [0.5], [0.5], [0.5], [0.5], [0.5], [0.5], [0.5], [0.5], [0.5], [0.5], [0.5], [0.5], [0.5], [0.5], [0.0], [0.5], [1.0], [0.5], [0.5], [0.5], [0.5], [0.0], [0.5], [0.5], [0.5], [0.0], [0.5], [1.0]]
PGU:	[[0.008688432], [0.017054396], [0.041961692], [0.017419042], [0.016456718], [0.045782417], [0.016608046], [0.019752732], [0.01961294], [0.015295418], [0.015455344], [0.018455246], [0.013488521], [0.009347184], [0.019150238], [0.018538969], [0.018619694], [0.009319278], [0.006425082], [0.01938633], [0.0146881165], [0.019579384], [0.019787325], [0.019435555], [0.015357068], [0.008298509], [0.018062377], [0.03384603], [0.019799458], [0.016211765], [0.019769121], [0.017672602], [0.017385993], [0.019383086], [0.017878508], [0.037153367], [0.020738682], [0.019698964], [0.019618977], [0.03568586], [0.018265218], [0.016119055], [0.019168336], [0.01889148], [0.016439768], [0.043854225], [0.016125575], [0.014028446], [0.019715296], [0.045633323], [0.040832415], [0.018382821], [0.013976324], [0.019698009], [0.019174436], [0.018237004], [0.016305877], [0.01957477], [0.019663475], [0.019544978], [0.019244747], [0.019461932], [0.013323381], [0.019866588], [0.019575443], [0.019739807], [0.014321038], [0.015277791], [0.04557219], [0.01953493], [0.008966856], [0.016293159], [0.020160116], [0.019411068], [0.019595174], [0.042940807], [0.03595044], [0.039714996], [0.017301137], [0.009658098], [0.019271547], [0.00890531]]
PGI:	[[0.042024877], [0.03841614], [0.020407712], [0.03953099], [0.036799394], [0.009437685], [0.037035033], [0.043838456], [0.043132674], [0.03436589], [0.033949185], [0.04024692], [0.030686188], [0.045650784], [0.04200934], [0.04133175], [0.04127995], [0.045850452], [0.031799473], [0.04266551], [0.032256033], [0.043714136], [0.043644816], [0.043435495], [0.03409422], [0.040246494], [0.040042445], [0.015938928], [0.043324865], [0.03546992], [0.04444611], [0.039733842], [0.037470296], [0.042941812], [0.03964645], [0.017748315], [0.043294188], [0.0430963], [0.043200344], [0.016684894], [0.04108321], [0.036223523], [0.04241108], [0.041420516], [0.036645744], [0.019450232], [0.03651028], [0.0314705], [0.043193337], [0.009509598], [0.018314863], [0.038229167], [0.031540707], [0.044440962], [0.043607652], [0.040048283], [0.0365276], [0.04350212], [0.04346158], [0.043606076], [0.043454196], [0.042805925], [0.030306222], [0.042992037], [0.04347936], [0.043784674], [0.03095252], [0.033358518], [0.009466777], [0.043871623], [0.044504546], [0.035588432], [0.04195064], [0.043190744], [0.043600265], [0.020025933], [0.016129041], [0.019012777], [0.03827109], [0.046876743], [0.043059792], [0.04302752]]
orig_inds:	[1, 2, 3, 4, 5, 6, 7, 9, 10, 11, 12, 13, 14, 15, 16, 17, 18, 19, 21, 22, 23, 24, 25, 26, 28, 29, 30, 31, 33, 36, 37, 38, 41, 42, 43, 45, 46, 47, 48, 49, 50, 52, 53, 54, 55, 56, 58, 59, 60, 62, 63, 64, 65, 66, 67, 68, 70, 72, 73, 75, 76, 77, 78, 79, 80, 81, 82, 83, 84, 85, 86, 87, 88, 89, 90, 91, 92, 94, 96, 97, 98, 99]
