
FA:	[[1.0], [1.0], [1.0], [1.0], [1.0], [1.0], [1.0], [1.0], [1.0], [1.0], [1.0], [1.0], [1.0], [1.0], [1.0], [1.0], [1.0], [1.0], [1.0], [1.0], [1.0], [1.0], [1.0], [1.0], [1.0], [1.0], [1.0], [1.0], [1.0], [1.0], [1.0], [1.0], [1.0], [1.0], [1.0], [1.0], [1.0], [1.0], [1.0], [1.0], [1.0], [1.0], [1.0], [1.0], [1.0], [1.0], [1.0], [1.0], [1.0], [1.0], [1.0], [1.0], [1.0], [1.0], [1.0], [1.0], [1.0], [1.0], [1.0], [1.0], [1.0], [1.0], [1.0], [1.0], [1.0], [1.0], [1.0], [1.0], [1.0], [1.0], [1.0], [1.0], [1.0], [1.0], [1.0], [1.0], [1.0], [1.0], [1.0], [1.0], [1.0], [1.0]]
RA:	[[0.5], [0.5], [0.5], [0.5], [0.25], [0.0], [0.5], [0.5], [0.5], [0.5], [0.5], [0.5], [0.5], [0.5], [0.5], [0.5], [0.5], [1.0], [0.5], [0.5], [0.5], [0.5], [0.5], [0.5], [0.5], [0.5], [0.5], [0.25], [0.5], [0.5], [0.5], [0.5], [0.5], [0.5], [0.5], [0.25], [0.25], [0.5], [0.5], [0.0], [0.5], [0.5], [0.5], [0.5], [0.5], [0.0], [0.5], [0.5], [0.5], [0.0], [0.0], [0.25], [0.5], [0.25], [0.5], [0.5], [0.5], [0.5], [0.5], [0.5], [0.5], [0.5], [0.5], [0.5], [0.5], [0.5], [0.5], [0.5], [0.0], [0.5], [0.5], [0.5], [0.25], [0.5], [0.5], [0.0], [0.25], [0.25], [0.5], [0.0], [0.5], [0.5]]
PGU:	[[0.0], [0.0], [0.0], [0.0], [0.0], [0.0], [0.0], [0.0], [0.0], [0.0], [0.0], [0.0], [0.0], [0.0], [0.0], [0.0], [0.0], [0.0], [0.0], [0.0], [0.0], [0.0], [0.0], [0.0], [0.0], [0.0], [0.0], [0.0], [0.0], [0.0], [0.0], [0.0], [0.0], [0.0], [0.0], [0.0], [0.0], [0.0], [0.0], [0.0], [0.0], [0.0], [0.0], [0.0], [0.0], [0.0], [0.0], [0.0], [0.0], [0.0], [0.0], [0.0], [0.0], [0.0], [0.0], [0.0], [0.0], [0.0], [0.0], [0.0], [0.0], [0.0], [0.0], [0.0], [0.0], [0.0], [0.0], [0.0], [0.0], [0.0], [0.0], [0.0], [0.0], [0.0], [0.0], [0.0], [0.0], [0.0], [0.0], [0.0], [0.0], [0.0]]
PGI:	[[0.04231861], [0.042265017], [0.047397103], [0.04314609], [0.039973866], [0.047061905], [0.040054582], [0.04832696], [0.047721636], [0.03703629], [0.03710422], [0.04490737], [0.033141878], [0.045645945], [0.046328656], [0.04467264], [0.045159265], [0.046562884], [0.033107698], [0.047067575], [0.03555138], [0.048558205], [0.047893737], [0.047547963], [0.03729335], [0.0406602], [0.044128865], [0.037120566], [0.047450826], [0.03920164], [0.047829907], [0.043056846], [0.042514876], [0.047064748], [0.043177716], [0.041041244], [0.048356403], [0.04857106], [0.047928177], [0.039454516], [0.044476274], [0.039614007], [0.04681411], [0.046295226], [0.039537538], [0.047787696], [0.039851766], [0.034879904], [0.04644619], [0.046617072], [0.044765625], [0.043115586], [0.034772847], [0.048099972], [0.046653837], [0.043706864], [0.040586717], [0.04686874], [0.04785172], [0.04720007], [0.04666225], [0.046781823], [0.032434877], [0.04807142], [0.048108324], [0.04806677], [0.03462445], [0.036962274], [0.046992466], [0.047376648], [0.044699937], [0.039260384], [0.046274226], [0.04725429], [0.04779799], [0.046972316], [0.03959343], [0.043952275], [0.04163904], [0.047127], [0.046674535], [0.043940082]]
orig_inds:	[1, 2, 3, 4, 5, 6, 7, 9, 10, 11, 12, 13, 14, 15, 16, 17, 18, 19, 21, 22, 23, 24, 25, 26, 28, 29, 30, 31, 33, 36, 37, 38, 41, 42, 43, 45, 46, 47, 48, 49, 50, 52, 53, 54, 55, 56, 58, 59, 60, 62, 63, 64, 65, 66, 67, 68, 70, 72, 73, 75, 76, 77, 78, 79, 80, 81, 82, 83, 84, 85, 86, 87, 88, 89, 90, 91, 92, 94, 96, 97, 98, 99]
