
FA:	[[0.4], [0.6], [0.4], [0.4], [0.6], [0.6], [0.4], [0.2], [0.4], [0.6], [0.2], [0.4], [0.2], [0.6], [0.4], [0.2], [0.4], [0.4], [0.6], [0.4], [0.2], [0.6], [0.4], [0.4], [0.6], [0.6], [0.6], [0.4], [0.4], [0.4], [0.6], [0.2], [0.4], [0.6], [0.6], [0.6], [0.4], [0.6], [0.2], [0.4], [0.6], [0.4], [0.2], [0.4], [0.4], [0.4], [0.4], [0.4], [0.6], [0.6], [0.6], [0.6], [0.6], [0.6], [0.4], [0.4], [0.6], [0.6], [0.4], [0.4], [0.4], [0.4], [0.6], [0.8], [0.6], [0.4], [0.4], [0.6], [0.4], [0.4], [0.6], [0.4], [0.6], [0.4], [0.6], [0.6], [0.4]]
RA:	[[0.2], [0.4], [0.4], [0.2], [0.0], [0.0], [0.2], [0.2], [0.0], [0.2], [0.0], [0.0], [0.0], [0.2], [0.4], [0.2], [0.2], [0.2], [0.4], [0.4], [0.2], [0.4], [0.2], [0.0], [0.2], [0.4], [0.6], [0.0], [0.0], [0.0], [0.2], [0.2], [0.2], [0.2], [0.4], [0.4], [0.2], [0.0], [0.0], [0.4], [0.2], [0.4], [0.0], [0.0], [0.2], [0.2], [0.0], [0.4], [0.2], [0.2], [0.6], [0.2], [0.2], [0.0], [0.2], [0.4], [0.2], [0.2], [0.2], [0.0], [0.2], [0.2], [0.0], [0.2], [0.2], [0.0], [0.2], [0.2], [0.2], [0.0], [0.4], [0.2], [0.0], [0.2], [0.4], [0.2], [0.2]]
PGU:	[[0.001748608], [0.0098544955], [0.039538197], [0.0034996704], [0.001054574], [0.0134948315], [0.18040486], [0.035085004], [0.0042085806], [0.0020674728], [0.18681137], [0.08342189], [0.24391542], [0.0004226077], [0.019481417], [0.18184933], [0.09715566], [0.015296489], [0.014557765], [0.1817187], [0.19189063], [0.0021228346], [0.12996024], [0.009585228], [0.02885163], [0.083081506], [0.12912595], [0.0009093442], [0.012409976], [0.00014197131], [0.000103152415], [0.10668678], [0.16420403], [0.03272787], [0.017653488], [0.17133455], [0.0014427433], [0.046171267], [0.20602971], [0.104633935], [0.18255924], [0.001918046], [0.0638305], [0.033744052], [0.004273472], [0.0030448218], [0.019396814], [0.009954297], [0.0048473426], [0.13874374], [0.005772174], [0.018013036], [0.028606521], [0.015365825], [0.0003137749], [0.072285905], [0.006831913], [0.0033974792], [0.035202913], [0.026093619], [0.056300946], [0.0128921615], [0.0071672117], [0.03726283], [0.17414069], [0.005195511], [0.119505346], [0.005881437], [0.09103679], [0.08105314], [0.1370278], [0.030130105], [0.08224185], [0.077652045], [0.07017465], [0.13573287], [0.15652832]]
PGI:	[[0.068026304], [0.18284418], [0.22172275], [0.094174765], [0.09027329], [0.17172909], [0.36539888], [0.20958929], [0.1261197], [0.10157955], [0.35959044], [0.283479], [0.031213168], [0.043868694], [0.17496864], [0.35598895], [0.29946363], [0.16357654], [0.16860536], [0.36418533], [0.3671217], [0.08616755], [0.33299538], [0.1405337], [0.20830894], [0.33005646], [0.3675366], [0.053015813], [0.15599613], [0.0217791], [0.03087743], [0.2963537], [0.3593574], [0.21905556], [0.18414354], [0.37221578], [0.06429362], [0.29532364], [0.37289423], [0.30799484], [0.3760508], [0.074154116], [0.26343462], [0.21028244], [0.09778694], [0.08662886], [0.2147467], [0.13735113], [0.11210061], [0.3405886], [0.1235237], [0.18159214], [0.20915923], [0.20343575], [0.033482056], [0.27257714], [0.15658106], [0.10525585], [0.24604341], [0.217535], [0.24973604], [0.14744078], [0.13253205], [0.2427469], [0.3745919], [0.10798027], [0.32444426], [0.12742227], [0.3291551], [0.28448674], [0.37898883], [0.20262039], [0.32733485], [0.31056795], [0.28032297], [0.37158483], [0.35176986]]
orig_inds:	[0, 1, 2, 3, 4, 5, 6, 8, 10, 11, 12, 14, 15, 16, 17, 18, 19, 20, 21, 23, 24, 25, 26, 27, 28, 29, 30, 32, 33, 34, 35, 36, 38, 39, 42, 43, 44, 45, 46, 47, 50, 51, 52, 54, 56, 57, 58, 59, 60, 61, 62, 63, 64, 65, 68, 69, 72, 73, 75, 76, 77, 78, 79, 80, 83, 84, 85, 86, 87, 89, 91, 93, 94, 95, 97, 98, 99]
