
FA:	[[0.5], [0.5], [0.5], [0.5], [0.0], [0.5], [0.5], [0.5], [0.5], [0.5], [0.5], [0.5], [0.0], [0.5], [0.5], [0.5], [0.5], [0.5], [0.5], [0.5], [0.5], [0.5], [0.5], [0.5], [0.5], [0.5], [1.0], [0.5], [0.5], [0.5], [0.5], [0.5], [0.5], [0.5], [0.5], [0.5], [0.5], [0.0], [0.5], [0.5], [0.5], [0.5], [0.5], [0.5], [0.5], [0.5], [0.5], [0.5], [0.5], [0.5], [0.5], [0.5], [0.5], [0.0], [0.5], [0.5], [0.5], [0.5], [0.5], [0.5], [0.5], [0.5], [0.5], [0.5], [0.5], [0.0], [0.5], [0.5], [0.5], [0.0], [0.5], [0.5], [0.5], [0.5], [0.5], [0.5], [0.5]]
RA:	[[0.5], [0.5], [0.5], [0.0], [0.0], [0.0], [0.5], [0.5], [0.0], [0.5], [0.0], [0.0], [0.0], [0.0], [0.5], [0.5], [0.5], [0.5], [0.5], [0.5], [0.5], [0.5], [0.5], [0.0], [0.5], [0.5], [1.0], [0.0], [0.0], [0.0], [0.5], [0.5], [0.5], [0.5], [0.5], [0.5], [0.5], [0.0], [0.0], [0.5], [0.5], [0.5], [0.0], [0.0], [0.5], [0.5], [0.0], [0.5], [0.5], [0.5], [0.5], [0.5], [0.5], [0.0], [0.5], [0.5], [0.5], [0.5], [0.5], [0.0], [0.5], [0.5], [0.0], [0.5], [0.5], [0.0], [0.5], [0.5], [0.5], [0.0], [0.5], [0.5], [0.0], [0.5], [0.5], [0.5], [0.5]]
PGU:	[[0.001778792], [0.022760235], [0.044895746], [0.0041236635], [0.08856983], [0.018731987], [0.19148546], [0.034524802], [0.0073418585], [0.005011181], [0.18510297], [0.08369568], [0.24348076], [0.00050162664], [0.022529596], [0.176459], [0.0948984], [0.014865462], [0.017033696], [0.18946946], [0.18988127], [0.003047855], [0.14071709], [0.011636845], [0.03327913], [0.1348589], [0.14990158], [0.0009109854], [0.016172051], [0.00019522906], [0.00029729013], [0.10780687], [0.16486372], [0.03833948], [0.021675047], [0.19747342], [0.0017319308], [0.2940677], [0.2068488], [0.1131034], [0.1944995], [0.002304374], [0.065117024], [0.03321229], [0.0050543295], [0.0035440093], [0.033793073], [0.011606611], [0.005965869], [0.15287048], [0.007803556], [0.024193885], [0.032607157], [0.20341955], [0.00030852098], [0.08035829], [0.014618386], [0.004211003], [0.05547414], [0.21724868], [0.056791432], [0.014888735], [0.009713568], [0.049975157], [0.19009525], [0.118354514], [0.13220303], [0.0070646927], [0.12951377], [0.28586292], [0.20296526], [0.034259446], [0.12474288], [0.11669147], [0.07908499], [0.20026933], [0.15512624]]
PGI:	[[0.06875592], [0.17814957], [0.2204258], [0.088703886], [0.00050719], [0.16687712], [0.36609182], [0.20820737], [0.11404515], [0.09961587], [0.3618414], [0.28185984], [0.0007253776], [0.039290193], [0.17310567], [0.3589495], [0.2986847], [0.1616706], [0.17080663], [0.3676082], [0.36661652], [0.080385916], [0.3331826], [0.13841455], [0.21013252], [0.32235494], [0.3697021], [0.053274687], [0.15385476], [0.022977022], [0.027463065], [0.30132225], [0.35558155], [0.21432234], [0.17948335], [0.36999178], [0.06079565], [0.023190089], [0.37400982], [0.30308217], [0.37371317], [0.072900906], [0.25993305], [0.21632951], [0.1006749], [0.089359164], [0.20213315], [0.13813053], [0.112287216], [0.349979], [0.12190744], [0.18077734], [0.21152438], [0.009315886], [0.032235526], [0.26836774], [0.15094036], [0.09900808], [0.24222896], [0.023512524], [0.25345302], [0.14740859], [0.12805773], [0.23892377], [0.37386298], [0.000109759174], [0.32670534], [0.122635745], [0.32881442], [0.03159808], [0.37405577], [0.20778045], [0.32165048], [0.3076452], [0.27992344], [0.3688569], [0.35062933]]
orig_inds:	[0, 1, 2, 3, 4, 5, 6, 8, 10, 11, 12, 14, 15, 16, 17, 18, 19, 20, 21, 23, 24, 25, 26, 27, 28, 29, 30, 32, 33, 34, 35, 36, 38, 39, 42, 43, 44, 45, 46, 47, 50, 51, 52, 54, 56, 57, 58, 59, 60, 61, 62, 63, 64, 65, 68, 69, 72, 73, 75, 76, 77, 78, 79, 80, 83, 84, 85, 86, 87, 89, 91, 93, 94, 95, 97, 98, 99]
