
FA:	[[1.0], [1.0], [1.0], [0.0], [0.0], [0.0], [1.0], [1.0], [0.0], [1.0], [0.0], [0.0], [0.0], [0.0], [1.0], [1.0], [1.0], [1.0], [1.0], [1.0], [1.0], [1.0], [1.0], [0.0], [1.0], [1.0], [1.0], [0.0], [0.0], [0.0], [1.0], [1.0], [1.0], [1.0], [1.0], [1.0], [1.0], [0.0], [0.0], [1.0], [1.0], [1.0], [0.0], [0.0], [1.0], [1.0], [0.0], [1.0], [1.0], [1.0], [1.0], [1.0], [1.0], [0.0], [1.0], [1.0], [1.0], [1.0], [1.0], [0.0], [1.0], [1.0], [0.0], [1.0], [1.0], [0.0], [1.0], [1.0], [1.0], [0.0], [1.0], [1.0], [0.0], [1.0], [1.0], [1.0], [1.0]]
RA:	[[1.0], [1.0], [1.0], [0.0], [0.0], [0.0], [1.0], [1.0], [0.0], [1.0], [0.0], [0.0], [0.0], [0.0], [1.0], [1.0], [1.0], [1.0], [1.0], [1.0], [1.0], [1.0], [1.0], [0.0], [1.0], [1.0], [1.0], [0.0], [0.0], [0.0], [1.0], [1.0], [1.0], [1.0], [1.0], [1.0], [1.0], [0.0], [0.0], [1.0], [1.0], [1.0], [0.0], [0.0], [1.0], [1.0], [0.0], [1.0], [1.0], [1.0], [1.0], [1.0], [1.0], [0.0], [1.0], [1.0], [1.0], [1.0], [1.0], [0.0], [1.0], [1.0], [0.0], [1.0], [1.0], [0.0], [1.0], [1.0], [1.0], [0.0], [1.0], [1.0], [0.0], [1.0], [1.0], [1.0], [1.0]]
PGU:	[[0.0021293042], [0.02434104], [0.044611104], [0.099176206], [0.08647614], [0.18053219], [0.1905017], [0.035296638], [0.13054526], [0.004850978], [0.3651065], [0.2874143], [0.24342678], [0.043854743], [0.022375219], [0.18080927], [0.10458252], [0.017796963], [0.020056207], [0.19009437], [0.18951742], [0.0030001001], [0.14078853], [0.14971809], [0.038899947], [0.1360046], [0.19267303], [0.055901196], [0.16613853], [0.025852377], [0.00028029765], [0.107332736], [0.17818157], [0.04329026], [0.023705916], [0.19964984], [0.0017859533], [0.29525122], [0.3796294], [0.115257785], [0.20988303], [0.0025781316], [0.26225528], [0.21767516], [0.004984637], [0.0035442666], [0.21044253], [0.012243984], [0.0070033562], [0.16282588], [0.007785611], [0.024454914], [0.03809606], [0.20239484], [0.00036932874], [0.08094392], [0.01456842], [0.0050211507], [0.059178736], [0.218515], [0.062123064], [0.014986401], [0.14079714], [0.05608145], [0.20462134], [0.11900274], [0.13811807], [0.00812558], [0.1350284], [0.28648397], [0.20204194], [0.034858316], [0.32894436], [0.119427174], [0.08487038], [0.20108718], [0.16829628]]
PGI:	[[0.06954804], [0.17900325], [0.22149844], [0.00022622125], [0.00049560773], [0.0038209578], [0.36760014], [0.20304428], [4.2485743e-05], [0.09730497], [0.0020488433], [0.032813657], [0.00037364342], [0.00015297666], [0.16968358], [0.3582778], [0.30056372], [0.16051334], [0.16983272], [0.36366445], [0.36441216], [0.08207076], [0.32962653], [0.0022160348], [0.21370782], [0.32399666], [0.3675028], [0.00027547032], [0.00015933816], [1.0308441e-05], [0.029372973], [0.2975877], [0.35582572], [0.21539526], [0.17864752], [0.37179154], [0.0621323], [0.022838898], [0.0023100825], [0.2999433], [0.37772197], [0.07601438], [0.015442769], [0.011396585], [0.09990792], [0.09150745], [0.0070443796], [0.13770963], [0.11621365], [0.3467785], [0.115519434], [0.17901428], [0.21268722], [0.009159021], [0.03221607], [0.26739353], [0.1477994], [0.09857989], [0.24447991], [0.02356893], [0.2502596], [0.14767462], [0.00032674626], [0.24204169], [0.37351114], [9.234517e-05], [0.32582504], [0.12534536], [0.33073825], [0.031153394], [0.372237], [0.20067452], [0.05259175], [0.3088067], [0.28000423], [0.37182868], [0.354257]]
orig_inds:	[0, 1, 2, 3, 4, 5, 6, 8, 10, 11, 12, 14, 15, 16, 17, 18, 19, 20, 21, 23, 24, 25, 26, 27, 28, 29, 30, 32, 33, 34, 35, 36, 38, 39, 42, 43, 44, 45, 46, 47, 50, 51, 52, 54, 56, 57, 58, 59, 60, 61, 62, 63, 64, 65, 68, 69, 72, 73, 75, 76, 77, 78, 79, 80, 83, 84, 85, 86, 87, 89, 91, 93, 94, 95, 97, 98, 99]
