
FA:	[[0.5], [0.75], [0.5], [0.5], [0.5], [0.75], [0.25], [0.25], [0.25], [0.5], [0.25], [0.5], [0.25], [0.75], [0.5], [0.25], [0.5], [0.5], [0.75], [0.5], [0.25], [0.5], [0.25], [0.5], [0.5], [0.75], [0.75], [0.5], [0.25], [0.5], [0.5], [0.25], [0.5], [0.75], [0.75], [0.5], [0.25], [0.5], [0.25], [0.5], [0.5], [0.5], [0.25], [0.5], [0.25], [0.25], [0.25], [0.5], [0.75], [0.25], [0.75], [0.5], [0.75], [0.75], [0.5], [0.5], [0.5], [0.5], [0.5], [0.5], [0.5], [0.5], [0.25], [0.75], [0.5], [0.5], [0.5], [0.75], [0.5], [0.5], [0.75], [0.25], [0.5], [0.25], [0.75], [0.5], [0.5]]
RA:	[[0.25], [0.5], [0.5], [0.25], [0.0], [0.0], [0.25], [0.25], [0.0], [0.25], [0.0], [0.0], [0.0], [0.25], [0.5], [0.25], [0.25], [0.25], [0.5], [0.5], [0.25], [0.5], [0.25], [0.0], [0.25], [0.5], [0.75], [0.0], [0.0], [0.0], [0.25], [0.25], [0.25], [0.25], [0.5], [0.5], [0.25], [0.0], [0.0], [0.5], [0.25], [0.5], [0.0], [0.0], [0.25], [0.25], [0.0], [0.5], [0.25], [0.25], [0.75], [0.25], [0.25], [0.0], [0.25], [0.5], [0.25], [0.25], [0.25], [0.0], [0.25], [0.25], [0.0], [0.25], [0.25], [0.0], [0.25], [0.25], [0.25], [0.0], [0.5], [0.25], [0.0], [0.25], [0.5], [0.25], [0.25]]
PGU:	[[0.0017792671], [0.009943581], [0.039642908], [0.0034864468], [0.0014361853], [0.013205452], [0.19118567], [0.034471083], [0.0075454125], [0.0039494783], [0.18692456], [0.082431], [0.24079506], [0.0004223019], [0.01948628], [0.1812207], [0.094965704], [0.01568444], [0.014639188], [0.17724021], [0.18842588], [0.0025088692], [0.13999422], [0.009816311], [0.029443836], [0.08204648], [0.12879413], [0.00092453376], [0.014353081], [0.00014543334], [0.00014236856], [0.10415951], [0.1630202], [0.031763226], [0.017800024], [0.18510501], [0.0018134642], [0.05932053], [0.20487285], [0.105877854], [0.18390568], [0.0019310943], [0.0652083], [0.033409342], [0.0049153473], [0.003338073], [0.0331686], [0.01000074], [0.0050288495], [0.14996941], [0.005600732], [0.020948457], [0.0284073], [0.015143884], [0.0003033119], [0.07077621], [0.012743767], [0.004279798], [0.034916714], [0.025930585], [0.055918694], [0.012362406], [0.009051767], [0.038142502], [0.19069877], [0.0051943646], [0.12081705], [0.0057534487], [0.0930848], [0.082642294], [0.1378638], [0.035017483], [0.123849526], [0.11206955], [0.06970213], [0.15789469], [0.1580023]]
PGI:	[[0.06714062], [0.18475997], [0.22829677], [0.09586869], [0.0807409], [0.17415155], [0.3652882], [0.2048523], [0.11639735], [0.100249976], [0.36373693], [0.2846151], [0.031099252], [0.042899825], [0.17446412], [0.35586107], [0.29632184], [0.15715192], [0.17352137], [0.36456954], [0.3640437], [0.08403592], [0.32649335], [0.14381288], [0.20857331], [0.32862678], [0.37109432], [0.05452057], [0.15592383], [0.021701276], [0.032215003], [0.2933621], [0.3562541], [0.2218696], [0.18361467], [0.36746857], [0.061204698], [0.28875118], [0.37138554], [0.31067145], [0.377524], [0.07508084], [0.2609251], [0.20804568], [0.10236357], [0.087966494], [0.19806567], [0.13636392], [0.11401958], [0.34396538], [0.12325763], [0.17749044], [0.21462558], [0.19995175], [0.032232884], [0.2700018], [0.14628051], [0.09916702], [0.24796416], [0.21845783], [0.2501536], [0.15119636], [0.13026783], [0.23986423], [0.37286127], [0.11356763], [0.33204198], [0.12636176], [0.32346255], [0.28162777], [0.37441996], [0.20442238], [0.324425], [0.30801818], [0.28620377], [0.3724461], [0.34638676]]
orig_inds:	[0, 1, 2, 3, 4, 5, 6, 8, 10, 11, 12, 14, 15, 16, 17, 18, 19, 20, 21, 23, 24, 25, 26, 27, 28, 29, 30, 32, 33, 34, 35, 36, 38, 39, 42, 43, 44, 45, 46, 47, 50, 51, 52, 54, 56, 57, 58, 59, 60, 61, 62, 63, 64, 65, 68, 69, 72, 73, 75, 76, 77, 78, 79, 80, 83, 84, 85, 86, 87, 89, 91, 93, 94, 95, 97, 98, 99]
