
FA:	[[1.0], [1.0], [1.0], [1.0], [1.0], [1.0], [1.0], [1.0], [1.0], [1.0], [1.0], [1.0], [1.0], [1.0], [1.0], [1.0], [1.0], [1.0], [1.0], [1.0], [1.0], [1.0], [1.0], [1.0], [1.0], [1.0], [1.0], [1.0], [1.0], [1.0], [1.0], [1.0], [1.0], [1.0], [1.0], [1.0], [1.0], [1.0], [1.0], [1.0], [1.0], [1.0], [1.0], [1.0], [1.0], [1.0], [1.0], [1.0], [1.0], [1.0], [1.0], [1.0], [1.0], [1.0], [1.0], [1.0], [1.0], [1.0], [1.0], [1.0], [1.0], [1.0], [1.0], [1.0], [1.0], [1.0], [1.0], [1.0], [1.0], [1.0], [1.0], [1.0], [1.0], [1.0], [1.0], [1.0], [1.0], [1.0], [1.0], [1.0], [1.0], [1.0], [1.0], [1.0]]
RA:	[[0.5], [1.0], [1.0], [0.5], [0.5], [1.0], [0.5], [0.5], [0.5], [0.5], [0.5], [0.5], [0.5], [1.0], [0.5], [0.0], [1.0], [1.0], [0.0], [0.5], [1.0], [1.0], [0.0], [0.0], [0.0], [1.0], [0.5], [0.5], [1.0], [0.5], [0.5], [1.0], [0.5], [0.5], [1.0], [1.0], [0.0], [1.0], [1.0], [0.5], [1.0], [0.0], [0.5], [0.5], [0.5], [1.0], [1.0], [0.0], [0.25], [0.0], [0.5], [0.5], [0.5], [1.0], [0.5], [0.0], [1.0], [0.5], [0.5], [1.0], [1.0], [1.0], [1.0], [0.25], [0.5], [0.5], [1.0], [1.0], [0.25], [0.5], [0.5], [0.5], [1.0], [0.5], [1.0], [0.5], [0.5], [0.5], [1.0], [0.25], [0.5], [0.5], [0.5], [0.5]]
PGU:	[[0.0], [0.0], [0.0], [0.0], [0.0], [0.0], [0.0], [0.0], [0.0], [0.0], [0.0], [5.9604645e-08], [0.0], [0.0], [0.0], [0.0], [0.0], [0.0], [0.0], [0.0], [0.0], [0.0], [0.0], [0.0], [0.0], [0.0], [0.0], [0.0], [0.0], [0.0], [0.0], [0.0], [0.0], [0.0], [0.0], [0.0], [0.0], [0.0], [0.0], [0.0], [0.0], [0.0], [0.0], [0.0], [0.0], [0.0], [0.0], [0.0], [0.0], [0.0], [0.0], [0.0], [0.0], [0.0], [0.0], [0.0], [2.9802322e-08], [0.0], [0.0], [0.0], [0.0], [0.0], [0.0], [0.0], [0.0], [0.0], [0.0], [0.0], [0.0], [0.0], [0.0], [0.0], [0.0], [0.0], [0.0], [0.0], [0.0], [0.0], [0.0], [0.0], [2.9802322e-08], [0.0], [0.0], [0.0]]
PGI:	[[0.043396965], [0.04208003], [0.047371984], [0.04323858], [0.041084576], [0.046848707], [0.039788675], [0.048154924], [0.04769372], [0.037595116], [0.037368402], [0.044781566], [0.03337162], [0.046231844], [0.046546552], [0.045051806], [0.04475537], [0.04766565], [0.03250538], [0.046771064], [0.036036476], [0.04778261], [0.0480105], [0.046927586], [0.037238527], [0.04029446], [0.04387773], [0.037151087], [0.0470037], [0.03959186], [0.048216823], [0.042997885], [0.04167789], [0.046804048], [0.043940626], [0.04137108], [0.04789704], [0.047957353], [0.047463555], [0.039580043], [0.044984512], [0.03845233], [0.046738718], [0.046024546], [0.040076114], [0.047563557], [0.039474458], [0.034857377], [0.047345538], [0.04708222], [0.0444252], [0.04267242], [0.03475154], [0.0475918], [0.047227863], [0.043920983], [0.039861195], [0.048041232], [0.04788254], [0.047590014], [0.04696305], [0.0466707], [0.032708887], [0.04867291], [0.047366716], [0.047740605], [0.034552906], [0.03657381], [0.0469149], [0.04820614], [0.044570576], [0.03923832], [0.046468444], [0.047475558], [0.04787427], [0.047333416], [0.039466113], [0.044183392], [0.0419092], [0.047140807], [0.046632074], [0.044444963], [0.048852526], [0.03560562]]
orig_inds:	[0, 1, 2, 3, 4, 5, 6, 7, 8, 11, 13, 14, 15, 16, 17, 19, 21, 22, 23, 25, 26, 28, 30, 31, 32, 33, 34, 35, 36, 37, 38, 40, 41, 42, 43, 44, 45, 46, 48, 49, 50, 51, 53, 54, 55, 56, 57, 58, 59, 60, 61, 63, 64, 65, 68, 69, 70, 71, 72, 73, 74, 75, 76, 77, 78, 79, 80, 81, 82, 84, 85, 86, 87, 88, 89, 90, 91, 92, 93, 94, 95, 96, 98, 99]
