
FA:	[[0.3333333333333333], [0.6666666666666666], [0.3333333333333333], [0.3333333333333333], [0.3333333333333333], [0.3333333333333333], [0.3333333333333333], [0.3333333333333333], [0.6666666666666666], [1.0], [0.3333333333333333], [0.6666666666666666], [0.3333333333333333], [0.6666666666666666], [0.3333333333333333], [0.3333333333333333], [0.3333333333333333], [0.3333333333333333], [0.3333333333333333], [0.3333333333333333], [0.6666666666666666], [0.3333333333333333], [0.6666666666666666], [0.3333333333333333], [0.3333333333333333], [0.3333333333333333], [0.3333333333333333]]
RA:	[[0.3333333333333333], [0.3333333333333333], [0.0], [0.0], [0.0], [0.0], [0.0], [0.3333333333333333], [0.0], [0.3333333333333333], [0.0], [0.0], [0.0], [0.0], [0.0], [0.0], [0.3333333333333333], [0.3333333333333333], [0.0], [0.3333333333333333], [0.0], [0.3333333333333333], [0.0], [0.0], [0.0], [0.0], [0.0]]
PGU:	[[0.07298257], [0.011986358], [0.22681738], [0.09673257], [0.0817196], [0.17459899], [0.36337596], [0.031165674], [0.0035718642], [0.0021121695], [0.36698893], [0.054549847], [0.24099223], [0.00027479324], [0.1785091], [0.35809675], [0.097334616], [0.16527204], [0.016317504], [0.3669141], [0.14638604], [0.083672106], [0.08989383], [0.14424467], [0.21763423], [0.32823917], [0.17659259]]
PGI:	[[0.0014188252], [0.18498652], [0.029671801], [0.0026285779], [0.0017771064], [0.0055015483], [0.15499546], [0.20812261], [0.123349875], [0.10373296], [0.13587578], [0.2899539], [0.035136927], [0.045802765], [0.014548637], [0.13898693], [0.29606828], [0.012897211], [0.16554438], [0.15150806], [0.36363998], [0.00205684], [0.33105177], [0.007542311], [0.02415357], [0.1003694], [0.37011564]]
orig_inds:	[6, 7, 10, 12, 16, 17, 19, 22, 25, 30, 39, 47, 49, 53, 54, 58, 63, 64, 76, 79, 80, 89, 92, 93, 95, 96, 99]
