
FA:	[0.3333333333333333, 0.6666666666666666, 0.08333333333333333, 0.3333333333333333, 0.3333333333333333, 0.08333333333333333, 0.3333333333333333, 0.5833333333333333, 0.6666666666666666, 0.08333333333333333, 0.75, 0.3333333333333333, 0.6666666666666666, 0.08333333333333333, 0.6666666666666666, 0.08333333333333333, 0.08333333333333333, 0.5833333333333333, 0.3333333333333333, 0.3333333333333333, 0.3333333333333333, 0.6666666666666666, 0.3333333333333333, 0.6666666666666666, 0.08333333333333333, 0.08333333333333333, 0.08333333333333333, 0.3333333333333333]
RA:	[0.3333333333333333, 0.5833333333333333, 0.0, 0.0, 0.0, 0.0, 0.0, 0.5833333333333333, 0.0, 0.0, 0.5833333333333333, 0.0, 0.0, 0.0, 0.0, 0.0, 0.0, 0.5833333333333333, 0.3333333333333333, 0.0, 0.3333333333333333, 0.0, 0.3333333333333333, 0.0, 0.0, 0.0, 0.0, 0.0]
PGU:	[0.07383015751838684, 0.020053908228874207, 0.22545453161001205, 0.09326688945293427, 0.08178475499153137, 0.17584067583084106, 0.3698961138725281, 0.03267788887023926, 0.033187469001859426, 0.10663124918937683, 0.1662554144859314, 0.29280897974967957, 0.0858888141810894, 0.04354343190789223, 0.05481335427612066, 0.3595445454120636, 0.3004133850336075, 0.016636518761515617, 0.1759921908378601, 0.22884653508663177, 0.3664275258779526, 0.02215967490337789, 0.33109724521636963, 0.043080432806164026, 0.21728846430778503, 0.3289341628551483, 0.3717804253101349, 0.01584948060917668]
PGI:	[0.0010179656383115798, 0.18157659471035004, 0.01441597007215023, 0.002459400915540755, 0.0017094482318498194, 0.00420781469438225, 0.15124908089637756, 0.2056497111916542, 0.08965323865413666, 0.0013299488928169012, 0.3632536381483078, 0.0589892752468586, 0.18804439157247543, 0.00016411853721365333, 0.13627242296934128, 0.07736364752054214, 0.0391051359474659, 0.15683749318122864, 0.010959051083773375, 0.28737064450979233, 0.12748770415782928, 0.06403881125152111, 0.09033092856407166, 0.112995445728302, 0.01176752895116806, 0.05303027667105198, 0.08462970331311226, 0.039253316819667816]
orig_inds:	[6, 7, 10, 12, 16, 17, 19, 22, 25, 27, 30, 39, 47, 49, 53, 54, 58, 63, 64, 76, 79, 80, 89, 92, 93, 95, 96, 99]
