
FA:	[[0.0], [1.0], [0.0], [0.0], [0.0], [0.0], [0.0], [1.0], [0.0], [1.0], [0.0], [0.0], [0.0], [0.0], [0.0], [0.0], [1.0], [0.0], [0.0], [0.0], [0.0], [0.0], [0.0], [0.0], [0.0], [0.0], [0.0]]
RA:	[[0.0], [1.0], [0.0], [0.0], [0.0], [0.0], [0.0], [1.0], [0.0], [1.0], [0.0], [0.0], [0.0], [0.0], [0.0], [0.0], [1.0], [0.0], [0.0], [0.0], [0.0], [0.0], [0.0], [0.0], [0.0], [0.0], [0.0]]
PGU:	[[0.077349335], [0.023736013], [0.22684772], [0.09590069], [0.08610527], [0.17862748], [0.36790457], [0.03551091], [0.11979149], [0.00460042], [0.36557823], [0.28974813], [0.24063528], [0.042370517], [0.18396632], [0.3625091], [0.105318815], [0.17183477], [0.17691171], [0.37209487], [0.36689037], [0.0896908], [0.33180693], [0.14950106], [0.2170821], [0.3269172], [0.36833146]]
PGI:	[[0.00034904262], [0.18652137], [0.009182656], [0.002141339], [0.001496853], [0.000109322595], [0.14013717], [0.20435782], [0.003810791], [0.09462974], [0.13538222], [0.059062384], [0.011313163], [0.00031233794], [0.0042994213], [0.05622127], [0.29653305], [0.0032633694], [0.0038192223], [0.060440492], [0.14041337], [0.0005231675], [0.09610828], [0.0022262263], [0.007643358], [0.036953237], [0.061245605]]
orig_inds:	[6, 7, 10, 12, 16, 17, 19, 22, 25, 30, 39, 47, 49, 53, 54, 58, 63, 64, 76, 79, 80, 89, 92, 93, 95, 96, 99]
