
FA:	[0.3194444444444444, 0.6388888888888888, 0.19444444444444445, 0.3194444444444444, 0.3194444444444444, 0.1527777777777778, 0.3194444444444444, 0.48611111111111105, 0.6388888888888888, 0.19444444444444445, 0.7916666666666667, 0.3194444444444444, 0.6388888888888888, 0.19444444444444445, 0.6805555555555556, 0.19444444444444445, 0.19444444444444445, 0.48611111111111105, 0.3611111111111111, 0.4027777777777778, 0.3611111111111111, 0.6388888888888888, 0.3194444444444444, 0.6388888888888888, 0.19444444444444445, 0.19444444444444445, 0.19444444444444445, 0.3194444444444444]
RA:	[0.3194444444444444, 0.48611111111111105, 0.0, 0.0, 0.0, 0.0, 0.0, 0.48611111111111105, 0.0, 0.0, 0.48611111111111105, 0.0, 0.0, 0.0, 0.0, 0.0, 0.0, 0.48611111111111105, 0.3194444444444444, 0.0, 0.3194444444444444, 0.0, 0.3194444444444444, 0.0, 0.0, 0.0, 0.0, 0.0]
PGU:	[0.07124987244606018, 0.017425826440254845, 0.19724029302597046, 0.095249243080616, 0.08168672770261765, 0.17741873363653818, 0.3684641520182292, 0.03201736385623614, 0.023679133659849562, 0.08688260863224666, 0.1496506780385971, 0.2881489296754201, 0.06593815051019192, 0.03710306311647097, 0.04053187494476636, 0.32104100783665973, 0.26245349148909247, 0.016090532764792442, 0.17378091315428415, 0.20619881649812064, 0.3675813277562459, 0.015284462288642922, 0.33280975619951886, 0.029613766819238663, 0.18232247481743494, 0.28762650986512506, 0.3329128126303355, 0.01098442388077577]
PGI:	[0.001164440162635098, 0.18300732473532358, 0.05249288367728393, 0.0025137665991981826, 0.0017295330374812088, 0.004668376796568434, 0.15153151750564575, 0.20645461479822796, 0.10320746153593063, 0.018091830929430827, 0.36419943968455, 0.05972939605514209, 0.20613064368565875, 0.007720487051604627, 0.15288707365592322, 0.13511991997559863, 0.08881200353304546, 0.15899811685085297, 0.012684216722846031, 0.3157823284467062, 0.136624184747537, 0.07195567712187767, 0.10023019214471182, 0.12171801676352818, 0.04750946039954822, 0.10629061982035637, 0.14220926413933438, 0.0471228373547395]
orig_inds:	[6, 7, 10, 12, 16, 17, 19, 22, 25, 27, 30, 39, 47, 49, 53, 54, 58, 63, 64, 76, 79, 80, 89, 92, 93, 95, 96, 99]
