
FA:	[[0.0], [1.0], [0.0], [0.0], [0.0], [0.0], [0.0], [1.0], [0.0], [0.0], [1.0], [0.0], [0.0], [0.0], [0.0], [0.0], [0.0], [1.0], [0.0], [0.0], [0.0], [0.0], [0.0], [0.0], [0.0], [0.0], [0.0], [0.0]]
RA:	[[0.0], [1.0], [0.0], [0.0], [0.0], [0.0], [0.0], [1.0], [0.0], [0.0], [1.0], [0.0], [0.0], [0.0], [0.0], [0.0], [0.0], [1.0], [0.0], [0.0], [0.0], [0.0], [0.0], [0.0], [0.0], [0.0], [0.0], [0.0]]
PGU:	[[0.07485613], [0.024128987], [0.22919534], [0.0997633], [0.08056462], [0.1792067], [0.3645432], [0.03524435], [0.12730579], [0.10474348], [0.18564366], [0.29154798], [0.24039648], [0.044007026], [0.17579858], [0.3625031], [0.30226234], [0.017993132], [0.17962636], [0.36920503], [0.36949125], [0.08603312], [0.3356795], [0.14600092], [0.21501179], [0.32671952], [0.36960763], [0.056335505]]
PGI:	[[0.00035792243], [0.17950533], [0.009378544], [0.002170156], [0.0014741846], [0.00011007663], [0.13892843], [0.20924321], [0.0039849207], [0.00082733907], [0.3631062], [0.05869628], [0.0312914], [0.00010085237], [0.012540077], [0.05535476], [0.026712146], [0.1561844], [0.00377227], [0.06154289], [0.060643062], [0.0015926292], [0.039560426], [0.0066079795], [0.0076388987], [0.03742993], [0.062724404], [0.00019088345]]
orig_inds:	[6, 7, 10, 12, 16, 17, 19, 22, 25, 27, 30, 39, 47, 49, 53, 54, 58, 63, 64, 76, 79, 80, 89, 92, 93, 95, 96, 99]
