
FA:	[[0.5], [0.5], [0.0], [0.5], [0.5], [0.0], [0.5], [0.5], [1.0], [0.5], [0.5], [1.0], [0.0], [1.0], [0.0], [0.0], [0.5], [0.5], [0.5], [0.5], [1.0], [0.5], [1.0], [0.0], [0.0], [0.0], [0.5]]
RA:	[[0.5], [0.5], [0.0], [0.0], [0.0], [0.0], [0.0], [0.5], [0.0], [0.5], [0.0], [0.0], [0.0], [0.0], [0.0], [0.0], [0.5], [0.5], [0.0], [0.5], [0.0], [0.5], [0.0], [0.0], [0.0], [0.0], [0.0]]
PGU:	[[0.0740148], [0.0216273], [0.23251514], [0.09358054], [0.08088409], [0.17757784], [0.3668265], [0.03175655], [0.0043320265], [0.004044069], [0.36377442], [0.06494322], [0.24406455], [0.00034440923], [0.18637834], [0.3641211], [0.09673662], [0.16055498], [0.018901285], [0.37088677], [0.14747484], [0.085802615], [0.10350592], [0.14509536], [0.21725549], [0.32830268], [0.1869485]]
PGI:	[[0.0012101049], [0.1815451], [0.0095702885], [0.002570215], [0.0017305971], [0.0055092145], [0.1533751], [0.20292655], [0.12338915], [0.100407116], [0.13756002], [0.28468344], [0.011439831], [0.041569877], [0.0043967892], [0.055744994], [0.295364], [0.011018503], [0.16851753], [0.14932507], [0.3666414], [0.00182262], [0.32932335], [0.0022650952], [0.0077306284], [0.037654895], [0.36646432]]
orig_inds:	[6, 7, 10, 12, 16, 17, 19, 22, 25, 30, 39, 47, 49, 53, 54, 58, 63, 64, 76, 79, 80, 89, 92, 93, 95, 96, 99]
