
FA:	[0.3458333333333333, 0.6416666666666666, 0.2833333333333333, 0.3208333333333333, 0.3208333333333333, 0.1708333333333333, 0.3208333333333333, 0.44583333333333325, 0.6166666666666667, 0.2833333333333333, 0.7625, 0.3208333333333333, 0.6416666666666666, 0.2833333333333333, 0.7041666666666666, 0.2833333333333333, 0.2833333333333333, 0.47083333333333327, 0.4083333333333333, 0.4708333333333333, 0.3833333333333333, 0.5916666666666667, 0.3208333333333333, 0.6166666666666667, 0.2833333333333333, 0.2833333333333333, 0.2833333333333333, 0.3458333333333333]
RA:	[0.29583333333333334, 0.4208333333333333, 0.0, 0.0, 0.0, 0.0, 0.0, 0.4208333333333333, 0.0, 0.0, 0.4208333333333333, 0.025, 0.0, 0.0, 0.0, 0.0, 0.0, 0.4208333333333333, 0.29583333333333334, 0.0, 0.29583333333333334, 0.0, 0.29583333333333334, 0.0, 0.0, 0.0, 0.0, 0.0]
PGU:	[0.07285763882100582, 0.01578391739167273, 0.15241431631147861, 0.09452510997653008, 0.08241189643740654, 0.17381677776575089, 0.3677409589290619, 0.032414760440588, 0.018191055860370398, 0.06579771486576647, 0.1400421280413866, 0.2877038046717644, 0.05664065293967724, 0.026506994923693128, 0.0316557886544615, 0.2715035118162632, 0.21232098154723644, 0.015824245754629374, 0.1714758314192295, 0.19392585381865501, 0.36551694571971893, 0.012530948442872614, 0.3298284411430359, 0.023381728446111083, 0.14242232590913773, 0.23722124472260475, 0.28112325072288513, 0.007889961780165322]
PGI:	[0.0012645073584280908, 0.18318359553813934, 0.09464281052350998, 0.0025227759615518153, 0.0017551638011354953, 0.004885977250523865, 0.15224938467144966, 0.20432300865650177, 0.10704069025814533, 0.03934280015528202, 0.3652837574481964, 0.05975898541510105, 0.21404046192765236, 0.01615572545779287, 0.15941227227449417, 0.19177548959851265, 0.14002182520926, 0.16115350648760796, 0.014012943487614393, 0.32809973880648613, 0.14409996569156647, 0.07553779147565365, 0.10375674813985825, 0.12853305786848068, 0.08929855690803379, 0.16159651149064302, 0.20003325026482344, 0.04838733188807964]
orig_inds:	[6, 7, 10, 12, 16, 17, 19, 22, 25, 27, 30, 39, 47, 49, 53, 54, 58, 63, 64, 76, 79, 80, 89, 92, 93, 95, 96, 99]
