
FA:	[0.25, 0.75, 0.0, 0.25, 0.25, 0.0, 0.25, 0.75, 0.5, 0.0, 0.75, 0.25, 0.5, 0.0, 0.5, 0.0, 0.0, 0.75, 0.25, 0.25, 0.25, 0.5, 0.25, 0.5, 0.0, 0.0, 0.0, 0.25]
RA:	[0.25, 0.75, 0.0, 0.0, 0.0, 0.0, 0.0, 0.75, 0.0, 0.0, 0.75, 0.0, 0.0, 0.0, 0.0, 0.0, 0.0, 0.75, 0.25, 0.0, 0.25, 0.0, 0.25, 0.0, 0.0, 0.0, 0.0, 0.0]
PGU:	[0.07379390299320221, 0.022335313260555267, 0.23011891543865204, 0.09310265630483627, 0.0830036848783493, 0.17538902163505554, 0.36800870299339294, 0.034372858703136444, 0.06176726520061493, 0.1039121225476265, 0.18104133009910583, 0.2845143675804138, 0.136959969997406, 0.04632769525051117, 0.09690392762422562, 0.3612903356552124, 0.3044866919517517, 0.016289984807372093, 0.17187872529029846, 0.27928730845451355, 0.3684096336364746, 0.04365690052509308, 0.3339875340461731, 0.07684624940156937, 0.21739083528518677, 0.32794100046157837, 0.3717186152935028, 0.029901394620537758]
PGI:	[0.000789230689406395, 0.17982225120067596, 0.009430686943233013, 0.002343087689951062, 0.0016374237602576613, 0.0028680406976491213, 0.14692112803459167, 0.20251047611236572, 0.06142817810177803, 0.0008331774733960629, 0.36224377155303955, 0.05856115370988846, 0.13629797101020813, 0.00010306516924174502, 0.09369627386331558, 0.056519363075494766, 0.026538804173469543, 0.16268694400787354, 0.00820824783295393, 0.21406696736812592, 0.1055016815662384, 0.04370675981044769, 0.07121454179286957, 0.07539553940296173, 0.00761376041918993, 0.037234097719192505, 0.062229812145233154, 0.026753919199109077]
orig_inds:	[6, 7, 10, 12, 16, 17, 19, 22, 25, 27, 30, 39, 47, 49, 53, 54, 58, 63, 64, 76, 79, 80, 89, 92, 93, 95, 96, 99]
