
FA:	[[0.25], [0.5], [0.5], [0.25], [0.25], [0.25], [0.25], [0.25], [0.5], [0.75], [0.25], [0.5], [0.5], [0.75], [0.5], [0.5], [0.25], [0.5], [0.75], [0.5], [0.5], [0.25], [0.5], [0.5], [0.5], [0.5], [0.25]]
RA:	[[0.25], [0.25], [0.0], [0.0], [0.0], [0.0], [0.0], [0.25], [0.0], [0.25], [0.0], [0.0], [0.0], [0.0], [0.0], [0.0], [0.25], [0.25], [0.0], [0.25], [0.0], [0.25], [0.0], [0.0], [0.0], [0.0], [0.0]]
PGU:	[[0.06813167], [0.011921117], [0.025665518], [0.09930954], [0.0862768], [0.17617694], [0.36902875], [0.0312388], [0.0035327214], [0.0017788191], [0.3660402], [0.05498318], [0.030868411], [0.0001976141], [0.011877315], [0.13001817], [0.09677251], [0.16023275], [0.013242482], [0.36825967], [0.14547232], [0.08490309], [0.09059156], [0.0064198608], [0.021058692], [0.09140634], [0.17507203]]
PGI:	[[0.0014343233], [0.18128711], [0.2256165], [0.002578941], [0.0017888456], [0.005574015], [0.15374759], [0.20556293], [0.12101585], [0.103863806], [0.1371716], [0.29040137], [0.24381582], [0.046099614], [0.17921191], [0.36273602], [0.29667902], [0.015619522], [0.17092496], [0.16672134], [0.36836722], [0.0021127155], [0.32788923], [0.15087394], [0.20945215], [0.32510027], [0.3655823]]
orig_inds:	[6, 7, 10, 12, 16, 17, 19, 22, 25, 30, 39, 47, 49, 53, 54, 58, 63, 64, 76, 79, 80, 89, 92, 93, 95, 96, 99]
