
FA:	[[0.6], [0.8], [0.6], [0.4], [0.4], [0.2], [0.4], [0.4], [0.6], [0.6], [0.4], [0.8], [0.6], [0.8], [0.6], [0.6], [0.6], [0.6], [0.6], [0.4], [0.4], [0.4], [0.6], [0.6], [0.6], [0.6], [0.6]]
RA:	[[0.2], [0.2], [0.0], [0.0], [0.0], [0.0], [0.0], [0.2], [0.0], [0.2], [0.2], [0.0], [0.0], [0.0], [0.0], [0.0], [0.2], [0.2], [0.0], [0.2], [0.0], [0.2], [0.0], [0.0], [0.0], [0.0], [0.0]]
PGU:	[[0.06973993], [0.008897612], [0.019273154], [0.0940514], [0.081362195], [0.17771253], [0.36677986], [0.03127883], [0.0035126244], [0.0018020399], [0.36484718], [0.041125264], [0.023530854], [0.00019716], [0.009259167], [0.10481945], [0.08518211], [0.1582958], [0.01362916], [0.36385995], [0.14643809], [0.08289967], [0.09067845], [0.0048152953], [0.01603414], [0.073443785], [0.121925466]]
PGI:	[[0.0017079988], [0.1919442], [0.22759876], [0.0025484082], [0.0017696986], [0.0055470704], [0.15397647], [0.20305862], [0.12207019], [0.10115934], [0.15158473], [0.28948456], [0.24222451], [0.045647297], [0.18499723], [0.3605169], [0.2966705], [0.015235375], [0.17437133], [0.16735286], [0.36686802], [0.0022124872], [0.33106834], [0.14837755], [0.21840812], [0.33162123], [0.3711137]]
orig_inds:	[6, 7, 10, 12, 16, 17, 19, 22, 25, 30, 39, 47, 49, 53, 54, 58, 63, 64, 76, 79, 80, 89, 92, 93, 95, 96, 99]
