
FA:	[[1.0], [1.0], [1.0], [1.0], [1.0], [1.0], [1.0], [1.0], [1.0], [1.0], [1.0], [1.0], [1.0], [1.0], [1.0], [1.0], [1.0], [1.0], [1.0], [1.0], [1.0], [1.0], [1.0], [1.0], [1.0], [1.0], [1.0], [1.0], [1.0], [1.0], [1.0], [1.0], [1.0], [1.0], [1.0], [1.0], [1.0], [1.0], [1.0], [1.0], [1.0], [1.0], [1.0], [1.0], [1.0], [1.0], [1.0], [1.0], [1.0], [1.0], [1.0], [1.0], [1.0], [1.0], [1.0], [1.0], [1.0], [1.0]]
RA:	[[0.0], [0.07692307692307693], [0.23076923076923078], [0.07692307692307693], [0.07692307692307693], [0.23076923076923078], [0.0], [0.23076923076923078], [0.07692307692307693], [0.3076923076923077], [0.15384615384615385], [0.3076923076923077], [0.23076923076923078], [0.15384615384615385], [0.3076923076923077], [0.23076923076923078], [0.23076923076923078], [0.23076923076923078], [0.0], [0.0], [0.07692307692307693], [0.3076923076923077], [0.07692307692307693], [0.23076923076923078], [0.07692307692307693], [0.38461538461538464], [0.15384615384615385], [0.0], [0.07692307692307693], [0.0], [0.23076923076923078], [0.0], [0.0], [0.3076923076923077], [0.23076923076923078], [0.07692307692307693], [0.23076923076923078], [0.0], [0.15384615384615385], [0.23076923076923078], [0.0], [0.0], [0.23076923076923078], [0.0], [0.3076923076923077], [0.15384615384615385], [0.07692307692307693], [0.15384615384615385], [0.23076923076923078], [0.15384615384615385], [0.15384615384615385], [0.07692307692307693], [0.15384615384615385], [0.3076923076923077], [0.15384615384615385], [0.23076923076923078], [0.07692307692307693], [0.07692307692307693]]
PGU:	[[0.0], [0.0], [0.0], [0.0], [0.0], [0.0], [1.1920929e-07], [0.0], [0.0], [0.0], [5.9604645e-08], [0.0], [2.2351742e-08], [0.0], [0.0], [5.9604645e-08], [0.0], [0.0], [0.0], [8.940697e-08], [0.0], [0.0], [0.0], [0.0], [0.0], [0.0], [5.9604645e-08], [0.0], [0.0], [2.0372681e-10], [0.0], [0.0], [2.9802322e-08], [0.0], [5.5879354e-09], [5.9604645e-08], [0.0], [0.0], [0.0], [0.0], [8.940697e-08], [0.0], [0.0], [0.0], [0.0], [0.0], [0.0], [0.0], [0.0], [0.0], [0.0], [7.450581e-09], [0.0], [0.0], [0.0], [0.0], [0.0], [0.0]]
PGI:	[[0.07782139], [0.18396024], [0.23401847], [0.0996725], [0.08628306], [0.17551987], [0.37295192], [0.21560355], [0.1239964], [0.10097742], [0.36673358], [0.2892655], [0.24016412], [0.04669501], [0.18022458], [0.36155322], [0.30194664], [0.1663556], [0.17673872], [0.36873218], [0.36711723], [0.0898375], [0.3294976], [0.14736916], [0.21624365], [0.32797286], [0.37062728], [0.057492316], [0.16542569], [0.02498387], [0.034055956], [0.30699623], [0.3581606], [0.22674341], [0.18711926], [0.37468922], [0.07102311], [0.285784], [0.38011566], [0.31287116], [0.37974292], [0.08165305], [0.2596095], [0.21626782], [0.10557537], [0.09033976], [0.21438725], [0.14422062], [0.12646268], [0.3520802], [0.12689078], [0.18872783], [0.22143005], [0.20931995], [0.036923435], [0.28175882], [0.15787081], [0.10771675]]
orig_inds:	[0, 2, 4, 7, 9, 11, 12, 13, 14, 15, 17, 19, 20, 23, 24, 25, 27, 28, 29, 31, 33, 34, 37, 38, 39, 40, 42, 43, 44, 47, 48, 51, 55, 58, 59, 62, 63, 65, 67, 70, 71, 73, 75, 76, 77, 78, 80, 82, 83, 85, 86, 88, 90, 92, 93, 94, 95, 98]
