
FA:	[]
RA:	[]
PGU:	[[0.026651077], [0.18929729], [0.056993365], [0.06797136], [0.15491672], [0.0009592292], [0.23139104], [0.0025129], [0.03598842], [0.10034082], [0.14874284], [0.0076875137], [0.015249881], [0.04077412], [0.15644476], [0.14387837], [0.04760786], [0.007662888], [0.009233824], [0.002638584], [0.31788382], [0.063826956], [0.024462834], [0.16130571], [0.031885553], [0.018230934], [0.01634522], [0.001135383], [0.0019249336], [0.30038917], [0.0017415447], [0.0022787228], [0.091661744], [0.0016330265], [0.15145256], [0.09673671], [0.031546675], [0.00035958912], [0.16151606], [0.22178821], [0.21067153], [0.2115329], [0.24572743], [0.006842991], [0.11951207], [0.012313533], [0.004707725], [0.0004896753], [0.1119593], [0.0709612], [0.18208106], [0.14049591], [0.0942919], [0.0017395734], [0.11924503], [0.035483833], [0.022664996], [0.26806352], [0.0074266214], [0.24565242], [0.1852491], [0.18787096], [0.011939672], [0.14492722], [0.14409013], [0.04951118], [0.0004685617], [0.001845648], [4.351139e-09], [0.0061105173], [0.1070222], [0.14190924], [0.18731421], [0.10113321], [0.3076239], [0.0], [0.018512828], [0.22839367], [0.0005458774], [0.15947491], [0.062352452], [0.15928686], [0.019598365], [0.027092844]]
PGI:	[[0.12486477], [0.35378072], [0.00022388816], [0.17693204], [0.004220088], [0.028614536], [0.30586016], [0.0522819], [0.18006696], [0.23366402], [0.0017830653], [0.13613598], [0.1883536], [0.1393044], [0.24958166], [0.24162282], [0.15667853], [0.08165959], [0.0836213], [0.056238215], [0.31593707], [0.18000053], [0.094692335], [0.2748498], [0.22263278], [0.18480031], [0.09871328], [0.041348923], [0.04290203], [0.29259112], [0.037392024], [0.097535595], [0.001210422], [0.054712493], [0.24092837], [0.2436792], [0.15344346], [0.021550061], [0.35199958], [0.1585713], [0.34996468], [0.34545717], [0.3217423], [0.07140186], [0.3059458], [0.10162558], [0.15000615], [0.013175494], [0.1899892], [0.19937988], [0.35795486], [0.22243704], [0.17227486], [0.048167378], [0.21198347], [0.16809963], [0.10406211], [0.2898433], [0.10116768], [0.35855237], [0.0013614811], [0.018592112], [0.13538717], [0.24243213], [0.23483738], [0.16656673], [0.015609966], [0.028371463], [1.477617e-06], [0.07236729], [0.3030523], [0.28093648], [0.305138], [0.26082328], [0.34029174], [2.1696092e-09], [0.0877417], [0.24663484], [0.031612463], [0.015652796], [0.25017667], [0.35353372], [0.12673476], [0.11479155]]
orig_inds:	[0, 1, 2, 3, 4, 5, 6, 7, 8, 9, 10, 11, 12, 13, 14, 15, 17, 18, 19, 20, 21, 22, 23, 24, 25, 26, 27, 28, 31, 33, 34, 35, 36, 37, 38, 39, 40, 41, 42, 43, 44, 45, 47, 48, 49, 50, 51, 52, 53, 54, 55, 56, 57, 58, 59, 60, 61, 62, 63, 65, 66, 71, 72, 73, 74, 76, 77, 79, 80, 81, 82, 83, 85, 87, 88, 89, 90, 92, 93, 95, 96, 97, 98, 99]
