
FA:	[]
RA:	[]
PGU:	[[0.02895557], [0.19239248], [0.058128893], [0.05970598], [0.15347983], [0.0008882145], [0.20907395], [0.0020592639], [0.032662567], [0.087114], [0.14774367], [0.0074075363], [0.01273612], [0.038193494], [0.12549216], [0.13070662], [0.046655465], [0.007651917], [0.0069553964], [0.002614273], [0.3134767], [0.05642472], [0.010307603], [0.14499246], [0.030725531], [0.017042574], [0.0112513965], [0.001111556], [0.0019381286], [0.2898898], [0.0015460509], [0.001664404], [0.09134938], [0.0012191838], [0.13727465], [0.08037835], [0.02538882], [0.00033647395], [0.15023074], [0.20626639], [0.20618975], [0.20591296], [0.24115197], [0.0055715344], [0.118585154], [0.010285051], [0.004389019], [0.00044043903], [0.10722822], [0.06276621], [0.18001892], [0.124062575], [0.0835586], [0.001528262], [0.107451394], [0.027862897], [0.01817939], [0.25756657], [0.005266687], [0.24614863], [0.1742945], [0.08174766], [0.010631468], [0.13224694], [0.13776354], [0.040227838], [0.000460992], [0.0019486429], [1.3113022e-09], [0.0042915726], [0.10555338], [0.13219939], [0.17840405], [0.09136866], [0.306142], [0.0], [0.0170123], [0.22500013], [0.0005301062], [0.15471745], [0.06136865], [0.15913907], [0.018164597], [0.020236343]]
PGI:	[[0.12269028], [0.35575262], [0.00031873814], [0.1863427], [0.004750464], [0.033676747], [0.31212804], [0.052403398], [0.17584625], [0.24538618], [0.0038369729], [0.1426943], [0.1922778], [0.14112243], [0.25732553], [0.25735515], [0.16002946], [0.086243615], [0.091046885], [0.057383183], [0.32066774], [0.18266748], [0.10874874], [0.27973837], [0.22547132], [0.17930557], [0.10625787], [0.043537065], [0.04710666], [0.29970577], [0.037527468], [0.094913], [0.001395757], [0.059813604], [0.24544033], [0.24806795], [0.15726365], [0.023090938], [0.35029742], [0.17566717], [0.35385996], [0.34782416], [0.32609293], [0.07634404], [0.31490758], [0.10295616], [0.14658944], [0.0154696945], [0.19893357], [0.20678008], [0.3566426], [0.22496721], [0.1839093], [0.050892696], [0.21638772], [0.17325467], [0.106521316], [0.30080062], [0.10128358], [0.35855353], [0.0027477418], [0.1562833], [0.13838121], [0.25079092], [0.23624693], [0.17558987], [0.016177861], [0.031863116], [4.723698e-05], [0.07639809], [0.29992765], [0.28783607], [0.3040557], [0.26069587], [0.3403991], [3.376603e-08], [0.09313706], [0.24913825], [0.034236055], [0.017006733], [0.24630019], [0.34750432], [0.13427573], [0.12241257]]
orig_inds:	[0, 1, 2, 3, 4, 5, 6, 7, 8, 9, 10, 11, 12, 13, 14, 15, 17, 18, 19, 20, 21, 22, 23, 24, 25, 26, 27, 28, 31, 33, 34, 35, 36, 37, 38, 39, 40, 41, 42, 43, 44, 45, 47, 48, 49, 50, 51, 52, 53, 54, 55, 56, 57, 58, 59, 60, 61, 62, 63, 65, 66, 71, 72, 73, 74, 76, 77, 79, 80, 81, 82, 83, 85, 87, 88, 89, 90, 92, 93, 95, 96, 97, 98, 99]
