
FA:	[]
RA:	[]
PGU:	[[0.012231053], [0.16386257], [0.0004804462], [0.050407887], [0.15218516], [0.00053373084], [0.19789526], [0.0017321178], [0.023441477], [0.07254396], [0.14237446], [0.0033110627], [0.01049965], [0.035043232], [0.101762906], [0.12150562], [0.039763913], [0.005360691], [0.004811789], [0.0011255743], [0.2635979], [0.03446156], [0.002642338], [0.13850814], [0.020561963], [0.009832461], [0.006728165], [0.0009107913], [0.0013324115], [0.23838398], [0.0013006211], [0.0008536815], [0.08370848], [0.00056696724], [0.10427726], [0.061657734], [0.022173334], [9.817763e-05], [0.10286741], [0.15774442], [0.18886805], [0.19833876], [0.22621584], [0.0040870695], [0.10127791], [0.00573236], [0.0025412338], [0.00041157188], [0.06813987], [0.02984598], [0.17051302], [0.08332508], [0.06374012], [0.0012986505], [0.095470265], [0.026993072], [0.014676983], [0.21100293], [0.00399034], [0.20876604], [0.15464966], [0.058822565], [0.0065010744], [0.099143386], [0.090578645], [0.024384927], [0.00032468254], [0.00041494484], [6.079674e-10], [0.003401797], [0.09938276], [0.11443058], [0.16383767], [0.0693122], [0.2624767], [0.0], [0.011708487], [0.16724934], [0.00027950614], [0.15351804], [0.048517168], [0.14371718], [0.0149420705], [0.009892033]]
PGI:	[[0.14408807], [0.35857823], [0.05264792], [0.18578646], [0.0091796005], [0.03617827], [0.317918], [0.056903712], [0.18026218], [0.2426843], [0.0064907395], [0.14243287], [0.19209793], [0.13817166], [0.26585972], [0.25801024], [0.17635499], [0.087697394], [0.09829185], [0.06329868], [0.36176333], [0.19897586], [0.12044407], [0.2763478], [0.22930054], [0.18582414], [0.11899629], [0.044446293], [0.051416993], [0.32038063], [0.041380174], [0.102278], [0.0032469346], [0.07076066], [0.2576035], [0.24868247], [0.16145045], [0.027670328], [0.35158515], [0.2224411], [0.35377535], [0.34810644], [0.3316529], [0.0773389], [0.30909872], [0.11122902], [0.1515538], [0.015671093], [0.21742085], [0.21444604], [0.35519254], [0.23410168], [0.20066582], [0.052789178], [0.22061956], [0.17812891], [0.11716895], [0.33399272], [0.10885735], [0.3681706], [0.009260651], [0.17139561], [0.1412479], [0.2779481], [0.25002357], [0.18259834], [0.02021244], [0.04532261], [6.397265e-06], [0.08153409], [0.29544345], [0.28963724], [0.30918443], [0.25630024], [0.3632531], [1.1967837e-06], [0.10809862], [0.2908188], [0.041835763], [0.02856387], [0.25759837], [0.34369487], [0.13947964], [0.13566075]]
orig_inds:	[0, 1, 2, 3, 4, 5, 6, 7, 8, 9, 10, 11, 12, 13, 14, 15, 17, 18, 19, 20, 21, 22, 23, 24, 25, 26, 27, 28, 31, 33, 34, 35, 36, 37, 38, 39, 40, 41, 42, 43, 44, 45, 47, 48, 49, 50, 51, 52, 53, 54, 55, 56, 57, 58, 59, 60, 61, 62, 63, 65, 66, 71, 72, 73, 74, 76, 77, 79, 80, 81, 82, 83, 85, 87, 88, 89, 90, 92, 93, 95, 96, 97, 98, 99]
