
FA:	[]
RA:	[]
PGU:	[[0.03339267], [0.20881696], [0.061781365], [0.08840445], [0.16146289], [0.0012142049], [0.23495123], [0.002791313], [0.037147842], [0.10319307], [0.16003287], [0.008546514], [0.016404282], [0.053119566], [0.16998655], [0.15938179], [0.04931196], [0.010961737], [0.009874116], [0.005937092], [0.3260543], [0.062187847], [0.028724447], [0.17129031], [0.042423178], [0.025424767], [0.018280799], [0.001499752], [0.0026460881], [0.3159136], [0.0027400719], [0.0024546336], [0.09501522], [0.0035192023], [0.15447573], [0.101368174], [0.03443684], [0.0005829283], [0.17637098], [0.21587332], [0.2259052], [0.21721919], [0.24619648], [0.00747048], [0.120921485], [0.015799973], [0.0063192965], [0.0006341517], [0.11010143], [0.07967878], [0.1845773], [0.14854], [0.0974284], [0.0018976349], [0.13568476], [0.043300755], [0.02788992], [0.2672389], [0.009579], [0.25864932], [0.18691534], [0.19546951], [0.016174931], [0.14621717], [0.14208555], [0.08286814], [0.0006074655], [0.002830201], [5.043745e-08], [0.007004585], [0.12456], [0.15172535], [0.20137993], [0.11317392], [0.31743574], [1.1920929e-11], [0.054789156], [0.23057571], [0.00063064345], [0.162664], [0.06964258], [0.15982714], [0.02706251], [0.029597059]]
PGI:	[[0.118954994], [0.3556625], [6.803978e-05], [0.16617762], [0.0032316928], [0.028123187], [0.30823007], [0.05058963], [0.17647636], [0.23943488], [0.0006105409], [0.13705818], [0.19069068], [0.13251784], [0.24542332], [0.235576], [0.15348037], [0.07840042], [0.081413284], [0.048057422], [0.30181554], [0.17920296], [0.09200156], [0.27554786], [0.21834324], [0.18459994], [0.10131777], [0.03757513], [0.04377368], [0.2820211], [0.03367974], [0.09543806], [0.0009096307], [0.049818724], [0.24159184], [0.24404497], [0.15542248], [0.017088251], [0.34378827], [0.16059631], [0.34081557], [0.34379786], [0.32492492], [0.07286265], [0.3082542], [0.098334745], [0.14929602], [0.012619321], [0.19565588], [0.19226381], [0.36347663], [0.20873886], [0.16538543], [0.04543835], [0.19298443], [0.16754289], [0.09939141], [0.2880163], [0.093806475], [0.35810468], [0.00023423707], [0.009140304], [0.12694177], [0.23984419], [0.2438665], [0.13710082], [0.015034324], [0.025854556], [4.948795e-07], [0.07117541], [0.30405], [0.2808371], [0.30291077], [0.2554783], [0.33130252], [4.577637e-09], [0.04805485], [0.24233243], [0.032146834], [0.011879282], [0.24470524], [0.360599], [0.13205951], [0.1170805]]
orig_inds:	[0, 1, 2, 3, 4, 5, 6, 7, 8, 9, 10, 11, 12, 13, 14, 15, 17, 18, 19, 20, 21, 22, 23, 24, 25, 26, 27, 28, 31, 33, 34, 35, 36, 37, 38, 39, 40, 41, 42, 43, 44, 45, 47, 48, 49, 50, 51, 52, 53, 54, 55, 56, 57, 58, 59, 60, 61, 62, 63, 65, 66, 71, 72, 73, 74, 76, 77, 79, 80, 81, 82, 83, 85, 87, 88, 89, 90, 92, 93, 95, 96, 97, 98, 99]
