
FA:	[]
RA:	[]
PGU:	[[0.031639546], [0.20829183], [0.057893403], [0.08757306], [0.15597342], [0.001107516], [0.23203138], [0.0029784506], [0.038909905], [0.105424315], [0.1593749], [0.009111511], [0.016394882], [0.05408107], [0.1720181], [0.15886055], [0.04723504], [0.010677188], [0.010012718], [0.0059715593], [0.32051042], [0.060528416], [0.028376415], [0.17377827], [0.041367915], [0.023277888], [0.018716658], [0.0014836553], [0.002641767], [0.31333092], [0.0026112495], [0.002178873], [0.09267928], [0.003401907], [0.14957975], [0.10421743], [0.03472892], [0.0006360584], [0.17942981], [0.22209036], [0.22763804], [0.21849094], [0.24759912], [0.00734355], [0.12216992], [0.01634414], [0.0067981193], [0.00061443687], [0.11194332], [0.08027446], [0.1848578], [0.14948314], [0.09750982], [0.0019805974], [0.14021854], [0.04237373], [0.02751651], [0.26403686], [0.010067136], [0.2599678], [0.18719901], [0.19794858], [0.016249422], [0.1485383], [0.14050683], [0.0840888], [0.00052356377], [0.0030136313], [8.999109e-08], [0.007269871], [0.12479926], [0.15396237], [0.2010974], [0.11611261], [0.32057607], [0.0], [0.053095262], [0.22936974], [0.0007068946], [0.16409197], [0.070769705], [0.15962024], [0.026284387], [0.029412085]]
PGI:	[[0.11963021], [0.35571635], [6.764374e-05], [0.169781], [0.0032480443], [0.02931635], [0.30081478], [0.04883157], [0.17603013], [0.23674712], [0.00060882827], [0.13847665], [0.18849394], [0.13163884], [0.2412402], [0.23877788], [0.15580025], [0.07906792], [0.08434339], [0.04631131], [0.3004706], [0.18723051], [0.09077313], [0.27100632], [0.21473198], [0.1878501], [0.10048754], [0.038070485], [0.041860394], [0.2827877], [0.032951336], [0.09761532], [0.000920129], [0.0505401], [0.2412054], [0.24458012], [0.1587237], [0.019042723], [0.34935784], [0.15988217], [0.34549248], [0.34833866], [0.32767108], [0.07070792], [0.3127198], [0.09636385], [0.14534956], [0.013145065], [0.2025786], [0.20024511], [0.3602559], [0.21042481], [0.16452922], [0.045481328], [0.18918604], [0.16714725], [0.10082286], [0.28993702], [0.09143309], [0.35582626], [0.00023432943], [0.008979878], [0.13331607], [0.2397949], [0.2422818], [0.14249848], [0.0137251895], [0.025750058], [1.1924208e-06], [0.07015243], [0.29973388], [0.28215462], [0.30157468], [0.25200397], [0.33097348], [9.071827e-09], [0.048534155], [0.2451594], [0.028404031], [0.012078073], [0.24682307], [0.36160582], [0.1278996], [0.10936442]]
orig_inds:	[0, 1, 2, 3, 4, 5, 6, 7, 8, 9, 10, 11, 12, 13, 14, 15, 17, 18, 19, 20, 21, 22, 23, 24, 25, 26, 27, 28, 31, 33, 34, 35, 36, 37, 38, 39, 40, 41, 42, 43, 44, 45, 47, 48, 49, 50, 51, 52, 53, 54, 55, 56, 57, 58, 59, 60, 61, 62, 63, 65, 66, 71, 72, 73, 74, 76, 77, 79, 80, 81, 82, 83, 85, 87, 88, 89, 90, 92, 93, 95, 96, 97, 98, 99]
