
FA:	[]
RA:	[]
PGU:	[[0.02485945], [0.17531447], [0.0543119], [0.05105708], [0.15169458], [0.00055843935], [0.19708534], [0.0021894402], [0.026821151], [0.07649708], [0.14271264], [0.0071736854], [0.010571748], [0.037537016], [0.112582065], [0.122996725], [0.04586646], [0.0067794486], [0.006494594], [0.0011243004], [0.30978116], [0.049272463], [0.004972909], [0.13713989], [0.02601646], [0.01651879], [0.009373062], [0.0009558247], [0.0019268839], [0.25571316], [0.0015502572], [0.0009246289], [0.08378829], [0.00091524783], [0.1149615], [0.06279851], [0.02340523], [0.00011349385], [0.10832057], [0.1912973], [0.20369737], [0.2022567], [0.23174316], [0.00512012], [0.114186734], [0.006405933], [0.0035369867], [0.00044068502], [0.09061217], [0.05355657], [0.17874932], [0.10172338], [0.07625492], [0.0012993024], [0.09576872], [0.026733823], [0.01547549], [0.22677574], [0.005372161], [0.21716557], [0.1623432], [0.076842226], [0.0107766595], [0.10970014], [0.12500672], [0.027203754], [0.00037353305], [0.00079112075], [1.013279e-09], [0.0035935875], [0.10524782], [0.11388439], [0.16857125], [0.08703278], [0.29363576], [0.0], [0.015738625], [0.18014891], [0.00048891327], [0.15494835], [0.047865484], [0.1530284], [0.017130442], [0.013501824]]
PGI:	[[0.12888722], [0.358167], [0.0008478156], [0.18613032], [0.0049551297], [0.036278814], [0.3200377], [0.05313268], [0.17969428], [0.24504896], [0.0063533667], [0.13950509], [0.18827103], [0.1426468], [0.26207379], [0.26088682], [0.16948149], [0.08808636], [0.09256272], [0.0600585], [0.32594773], [0.18425006], [0.11876197], [0.28348628], [0.21629567], [0.18705443], [0.10989567], [0.042486575], [0.04755177], [0.31667718], [0.039560597], [0.10009359], [0.0029082834], [0.062609605], [0.25538406], [0.24711648], [0.16231182], [0.025267176], [0.35246152], [0.19829316], [0.34828785], [0.34955254], [0.3270797], [0.07554892], [0.31044972], [0.10707951], [0.14496213], [0.015133176], [0.2098869], [0.20355792], [0.35530582], [0.23399273], [0.19198631], [0.055434495], [0.22233686], [0.16947933], [0.112737976], [0.32717592], [0.10797473], [0.367168], [0.007144291], [0.15599401], [0.13853207], [0.2753075], [0.24309833], [0.18225838], [0.017268004], [0.03939484], [9.962967e-05], [0.08010171], [0.29815325], [0.2930082], [0.30741978], [0.25664198], [0.34602317], [6.2283874e-07], [0.10229521], [0.2837465], [0.03777402], [0.016981162], [0.254788], [0.34861192], [0.13733318], [0.13704051]]
orig_inds:	[0, 1, 2, 3, 4, 5, 6, 7, 8, 9, 10, 11, 12, 13, 14, 15, 17, 18, 19, 20, 21, 22, 23, 24, 25, 26, 27, 28, 31, 33, 34, 35, 36, 37, 38, 39, 40, 41, 42, 43, 44, 45, 47, 48, 49, 50, 51, 52, 53, 54, 55, 56, 57, 58, 59, 60, 61, 62, 63, 65, 66, 71, 72, 73, 74, 76, 77, 79, 80, 81, 82, 83, 85, 87, 88, 89, 90, 92, 93, 95, 96, 97, 98, 99]
