
FA:	[[1.0], [1.0], [1.0], [1.0], [1.0], [1.0], [1.0], [1.0], [1.0], [1.0], [1.0], [1.0], [1.0], [1.0], [1.0], [1.0], [1.0], [1.0], [1.0], [1.0], [1.0], [1.0], [1.0], [1.0], [1.0], [1.0], [1.0], [1.0], [1.0], [1.0], [1.0], [1.0], [1.0], [1.0], [1.0], [1.0], [1.0], [1.0], [1.0], [1.0], [1.0], [1.0], [1.0], [1.0], [1.0], [1.0], [1.0], [1.0], [1.0], [1.0], [1.0], [1.0], [1.0], [1.0], [1.0], [1.0], [1.0], [1.0], [1.0], [1.0], [1.0], [1.0], [1.0], [1.0], [1.0], [1.0], [1.0], [1.0], [1.0], [1.0], [1.0], [1.0], [1.0], [1.0], [1.0], [1.0], [1.0], [1.0], [1.0], [1.0], [1.0], [1.0]]
RA:	[[1.0], [1.0], [1.0], [1.0], [1.0], [1.0], [1.0], [1.0], [1.0], [1.0], [1.0], [1.0], [1.0], [1.0], [1.0], [1.0], [1.0], [1.0], [1.0], [1.0], [1.0], [1.0], [1.0], [1.0], [1.0], [1.0], [1.0], [1.0], [1.0], [1.0], [1.0], [1.0], [1.0], [1.0], [1.0], [1.0], [1.0], [1.0], [1.0], [1.0], [1.0], [1.0], [1.0], [1.0], [1.0], [1.0], [1.0], [1.0], [1.0], [1.0], [1.0], [1.0], [1.0], [1.0], [1.0], [1.0], [1.0], [1.0], [1.0], [1.0], [1.0], [1.0], [1.0], [1.0], [1.0], [1.0], [1.0], [1.0], [1.0], [1.0], [1.0], [1.0], [1.0], [1.0], [1.0], [1.0], [1.0], [1.0], [1.0], [1.0], [1.0], [1.0]]
PGU:	[[0.01887205], [0.018656606], [0.020696262], [0.018951213], [0.017647304], [0.020869583], [0.018034907], [0.021310236], [0.020973932], [0.016817043], [0.016313205], [0.020114288], [0.014619038], [0.020396829], [0.020953786], [0.020133274], [0.020354444], [0.021153923], [0.014350728], [0.0207156], [0.015857099], [0.021170812], [0.021262793], [0.021285264], [0.016637232], [0.018083634], [0.01949022], [0.016431578], [0.021245986], [0.017191073], [0.021264939], [0.019396214], [0.01851931], [0.021227667], [0.019078063], [0.018376717], [0.021396847], [0.021625832], [0.021077404], [0.017258456], [0.020137014], [0.01721807], [0.020792108], [0.020458417], [0.017859736], [0.02137985], [0.01748145], [0.015423369], [0.020934489], [0.020918708], [0.019943256], [0.01898753], [0.015375119], [0.021268224], [0.021023603], [0.01962572], [0.017986787], [0.021307748], [0.021360952], [0.021403467], [0.020749375], [0.021045603], [0.014569858], [0.021609843], [0.021227723], [0.021237914], [0.015307936], [0.016202824], [0.021096487], [0.02144371], [0.019736722], [0.017262783], [0.020580804], [0.021032443], [0.021033488], [0.020912347], [0.017378543], [0.019908575], [0.01889729], [0.021093592], [0.020875666], [0.019314425]]
PGI:	[[0.038860966], [0.03793179], [0.04205311], [0.039172206], [0.036500197], [0.042502478], [0.036574088], [0.04236602], [0.042302705], [0.033776436], [0.033086162], [0.04029576], [0.029927518], [0.041109085], [0.042055313], [0.040702704], [0.040788684], [0.042285763], [0.0293244], [0.04240005], [0.03229061], [0.042640552], [0.042702965], [0.0423839], [0.033240248], [0.0365373], [0.03911141], [0.03343855], [0.04256407], [0.034909584], [0.04332416], [0.03837175], [0.037863374], [0.042177748], [0.03905305], [0.036973238], [0.042923078], [0.042959932], [0.043033876], [0.035137985], [0.040341407], [0.035263363], [0.042886835], [0.041413974], [0.035734225], [0.042593285], [0.03544754], [0.03111955], [0.04223225], [0.042074747], [0.040364448], [0.03869716], [0.030559039], [0.042978574], [0.04195222], [0.040113505], [0.036614437], [0.043037407], [0.043167688], [0.04279913], [0.041885514], [0.04235771], [0.0292442], [0.043202866], [0.042520538], [0.042786278], [0.03075552], [0.03297812], [0.04188989], [0.04324261], [0.039783277], [0.034731656], [0.041890852], [0.041821226], [0.042900313], [0.042111244], [0.035306513], [0.039965272], [0.037999276], [0.043246683], [0.04185389], [0.03944219]]
orig_inds:	[0, 1, 2, 3, 5, 6, 7, 8, 11, 13, 14, 15, 16, 17, 19, 21, 23, 25, 26, 28, 30, 31, 32, 33, 34, 35, 36, 37, 38, 40, 41, 42, 43, 44, 45, 46, 48, 49, 50, 51, 53, 54, 55, 56, 57, 58, 59, 60, 61, 63, 64, 65, 68, 69, 70, 71, 72, 73, 74, 75, 76, 77, 78, 79, 80, 81, 82, 84, 85, 86, 87, 88, 89, 90, 91, 92, 93, 94, 95, 96, 98, 99]
