
FA:	[[1.0], [1.0], [1.0], [1.0], [1.0], [1.0], [1.0], [1.0], [1.0], [1.0], [1.0], [1.0], [1.0], [1.0], [1.0], [1.0], [1.0], [1.0], [1.0], [1.0], [1.0], [1.0], [1.0], [1.0], [1.0], [1.0], [1.0], [1.0], [1.0], [1.0], [1.0], [1.0], [1.0], [1.0], [1.0], [1.0], [1.0], [1.0], [1.0], [1.0], [1.0], [1.0], [1.0], [1.0], [1.0], [1.0], [1.0], [1.0], [1.0], [1.0], [1.0], [1.0], [1.0], [1.0], [1.0], [1.0], [1.0], [1.0], [1.0], [1.0], [1.0], [1.0], [1.0], [1.0], [1.0], [1.0], [1.0], [1.0], [1.0], [1.0], [1.0], [1.0], [1.0], [1.0], [1.0], [1.0], [1.0], [1.0], [1.0], [1.0], [1.0], [1.0]]
RA:	[[1.0], [1.0], [1.0], [1.0], [1.0], [1.0], [1.0], [1.0], [1.0], [1.0], [1.0], [1.0], [1.0], [1.0], [1.0], [1.0], [1.0], [1.0], [1.0], [1.0], [1.0], [1.0], [1.0], [1.0], [1.0], [1.0], [1.0], [1.0], [1.0], [1.0], [1.0], [1.0], [1.0], [1.0], [1.0], [1.0], [1.0], [1.0], [1.0], [1.0], [1.0], [1.0], [1.0], [1.0], [1.0], [1.0], [1.0], [1.0], [1.0], [1.0], [1.0], [1.0], [1.0], [1.0], [1.0], [1.0], [1.0], [1.0], [1.0], [1.0], [1.0], [1.0], [1.0], [1.0], [1.0], [1.0], [1.0], [1.0], [1.0], [1.0], [1.0], [1.0], [1.0], [1.0], [1.0], [1.0], [1.0], [1.0], [1.0], [1.0], [1.0], [1.0]]
PGU:	[[0.01888688], [0.018579205], [0.020805914], [0.019480055], [0.01801592], [0.021143172], [0.017810304], [0.02139313], [0.021036819], [0.016661676], [0.016484777], [0.01998981], [0.014730011], [0.020629426], [0.020884307], [0.020090435], [0.020183096], [0.02101877], [0.014646188], [0.020823263], [0.015823824], [0.021408197], [0.021466607], [0.021299982], [0.016401228], [0.018348178], [0.019348318], [0.01634236], [0.021119067], [0.017255249], [0.021392489], [0.01935487], [0.018630954], [0.020930156], [0.019233016], [0.01834877], [0.021116385], [0.02141615], [0.021053549], [0.017439906], [0.020166848], [0.017494831], [0.020771757], [0.020503571], [0.017986892], [0.021321476], [0.017511055], [0.015257283], [0.021072915], [0.020876206], [0.019835299], [0.018967928], [0.015170121], [0.021610908], [0.02088289], [0.019432189], [0.017947992], [0.021406043], [0.021364717], [0.021143435], [0.02112235], [0.02092701], [0.014580905], [0.021213604], [0.02155798], [0.021371204], [0.01519502], [0.016356388], [0.021066211], [0.021282159], [0.01971047], [0.017293543], [0.020680342], [0.021174304], [0.021203773], [0.021155808], [0.017358793], [0.019800993], [0.018599126], [0.021506969], [0.0208672], [0.019433893]]
PGI:	[[0.038234815], [0.037565798], [0.041825235], [0.038615312], [0.03619871], [0.042014997], [0.03587135], [0.043063853], [0.043322157], [0.033521865], [0.03329063], [0.040145308], [0.030453144], [0.04147851], [0.0414145], [0.040634103], [0.040342845], [0.042097606], [0.029128881], [0.042188987], [0.03157524], [0.043120857], [0.043128274], [0.042867504], [0.033735603], [0.036763426], [0.03965952], [0.033283547], [0.042948704], [0.03536164], [0.043161824], [0.0384928], [0.037722714], [0.042938173], [0.0393341], [0.037039988], [0.042735238], [0.042407285], [0.042460307], [0.035012532], [0.04027248], [0.035312213], [0.042389553], [0.040819705], [0.035955507], [0.04219059], [0.035318974], [0.031227997], [0.042499196], [0.041574176], [0.039904766], [0.03841846], [0.031178772], [0.04301277], [0.042352173], [0.03965144], [0.036483396], [0.04355571], [0.04291902], [0.042444255], [0.042021204], [0.04193406], [0.029231021], [0.04274126], [0.04259911], [0.04302247], [0.031097274], [0.03287249], [0.04268408], [0.042952467], [0.039970357], [0.03539595], [0.040985875], [0.042457532], [0.042785566], [0.04202102], [0.035668764], [0.03977247], [0.037828565], [0.04289022], [0.041519947], [0.039613497]]
orig_inds:	[0, 1, 2, 3, 5, 6, 7, 8, 11, 13, 14, 15, 16, 17, 19, 21, 23, 25, 26, 28, 30, 31, 32, 33, 34, 35, 36, 37, 38, 40, 41, 42, 43, 44, 45, 46, 48, 49, 50, 51, 53, 54, 55, 56, 57, 58, 59, 60, 61, 63, 64, 65, 68, 69, 70, 71, 72, 73, 74, 75, 76, 77, 78, 79, 80, 81, 82, 84, 85, 86, 87, 88, 89, 90, 91, 92, 93, 94, 95, 96, 98, 99]
