
FA:	[[1.0], [0.5], [0.5], [0.5], [0.5], [0.5], [0.5], [0.5], [0.5], [0.5], [0.5], [0.5], [1.0], [1.0], [0.5], [1.0], [0.5], [1.0], [0.5], [0.5], [1.0], [0.5], [0.5], [0.5], [0.5], [0.5], [0.5], [1.0], [0.5], [1.0], [0.5], [0.5], [0.5], [0.5], [1.0], [0.5], [0.5], [0.5], [0.5], [0.5], [0.5], [0.5], [1.0], [0.5], [0.5], [0.5], [0.5], [1.0], [0.5], [0.5], [0.5], [0.5], [0.5], [0.5], [0.5], [0.5], [1.0], [0.5], [0.5], [0.5], [0.5], [0.5], [0.5], [0.5], [0.5], [0.5], [0.5], [0.5], [1.0], [0.5], [0.5], [1.0], [0.5], [1.0], [0.5], [0.5], [0.5], [0.5], [0.5], [0.5], [0.5], [0.5]]
RA:	[[1.0], [0.5], [0.5], [0.5], [0.5], [0.5], [0.5], [0.5], [0.5], [0.5], [0.5], [0.5], [1.0], [1.0], [0.5], [1.0], [0.5], [1.0], [0.5], [0.5], [1.0], [0.5], [0.5], [0.5], [0.5], [0.5], [0.5], [1.0], [0.5], [1.0], [0.5], [0.5], [0.5], [0.5], [1.0], [0.5], [0.5], [0.5], [0.5], [0.5], [0.5], [0.5], [1.0], [0.5], [0.5], [0.5], [0.5], [1.0], [0.5], [0.5], [0.5], [0.5], [0.5], [0.5], [0.5], [0.5], [1.0], [0.5], [0.5], [0.5], [0.5], [0.5], [0.5], [0.5], [0.5], [0.5], [0.5], [0.5], [1.0], [0.5], [0.5], [1.0], [0.5], [1.0], [0.5], [0.5], [0.5], [0.5], [0.5], [0.5], [0.5], [0.5]]
PGU:	[[0.008656818], [0.017078865], [0.01946997], [0.017706867], [0.016765928], [0.019542068], [0.016359156], [0.02002351], [0.019361703], [0.015305106], [0.015201762], [0.018273726], [0.006721524], [0.009418759], [0.019016787], [0.009064338], [0.018648116], [0.009514698], [0.013273282], [0.019367503], [0.007239035], [0.020504318], [0.019879978], [0.019714722], [0.015308635], [0.01672379], [0.018087434], [0.007372554], [0.020581685], [0.0077854935], [0.019894332], [0.017947752], [0.017172158], [0.019498287], [0.008825354], [0.01687198], [0.019595494], [0.020684622], [0.019603292], [0.015935475], [0.018867046], [0.016355282], [0.0095431395], [0.01886998], [0.016495401], [0.019665351], [0.016477704], [0.006960952], [0.019134246], [0.019238438], [0.018285612], [0.017638745], [0.014082037], [0.019716157], [0.019400917], [0.01819254], [0.008141684], [0.019926358], [0.01971446], [0.019538578], [0.019362045], [0.019382063], [0.013372609], [0.019719005], [0.019602586], [0.019687202], [0.014071126], [0.01533177], [0.009572999], [0.01957769], [0.018428009], [0.00790471], [0.019060869], [0.009563455], [0.019686727], [0.019408867], [0.016213594], [0.01815525], [0.017206036], [0.019656219], [0.018940466], [0.017983923]]
PGI:	[[0.0417093], [0.03786918], [0.043165773], [0.03944163], [0.036751054], [0.04314257], [0.036966536], [0.043203384], [0.04375646], [0.034126483], [0.033483103], [0.040772315], [0.032786082], [0.04615208], [0.042142496], [0.044139482], [0.041838087], [0.04626279], [0.02991638], [0.042969882], [0.035062157], [0.04339391], [0.043283723], [0.043394905], [0.034407996], [0.03663258], [0.04028789], [0.03634491], [0.04255555], [0.03859887], [0.04380017], [0.039821904], [0.037919406], [0.04258207], [0.042643514], [0.037647698], [0.0438879], [0.04343193], [0.04403933], [0.036083102], [0.041063372], [0.035655543], [0.045672983], [0.04208275], [0.036416583], [0.04366089], [0.036228593], [0.03404585], [0.042887267], [0.042445116], [0.040505145], [0.039200924], [0.031722143], [0.04423588], [0.04295222], [0.039757535], [0.03912425], [0.043156866], [0.044179875], [0.04357088], [0.0425344], [0.04321155], [0.029998794], [0.043386027], [0.044396836], [0.043703906], [0.031504028], [0.033619545], [0.045560174], [0.04448655], [0.04046246], [0.038201105], [0.042365346], [0.046761103], [0.043582927], [0.043373045], [0.03611319], [0.040129773], [0.038513113], [0.043127544], [0.043007817], [0.04089851]]
orig_inds:	[0, 1, 2, 3, 5, 6, 7, 8, 11, 13, 14, 15, 16, 17, 19, 21, 23, 25, 26, 28, 30, 31, 32, 33, 34, 35, 36, 37, 38, 40, 41, 42, 43, 44, 45, 46, 48, 49, 50, 51, 53, 54, 55, 56, 57, 58, 59, 60, 61, 63, 64, 65, 68, 69, 70, 71, 72, 73, 74, 75, 76, 77, 78, 79, 80, 81, 82, 84, 85, 86, 87, 88, 89, 90, 91, 92, 93, 94, 95, 96, 98, 99]
