
FA:	[[1.0], [1.0], [1.0], [1.0], [1.0], [1.0], [1.0], [1.0], [1.0], [1.0], [1.0], [1.0], [1.0], [1.0], [1.0], [1.0], [1.0], [1.0], [1.0], [1.0], [1.0], [1.0], [1.0], [1.0], [1.0], [1.0], [1.0], [1.0], [1.0], [1.0], [1.0], [1.0], [1.0], [1.0], [1.0], [1.0], [1.0], [1.0], [1.0], [1.0], [1.0], [1.0], [1.0], [1.0], [1.0], [1.0], [1.0], [1.0], [1.0], [1.0], [1.0], [1.0], [1.0], [1.0], [1.0], [1.0], [1.0], [1.0], [1.0], [1.0], [1.0], [1.0], [1.0], [1.0], [1.0], [1.0], [1.0], [1.0], [1.0], [1.0], [1.0], [1.0], [1.0], [1.0], [1.0], [1.0], [1.0], [1.0], [1.0], [1.0], [1.0], [1.0]]
RA:	[[1.0], [0.5], [0.5], [0.5], [0.5], [0.5], [0.5], [0.5], [0.5], [0.5], [0.5], [0.5], [1.0], [1.0], [0.5], [1.0], [0.5], [1.0], [0.5], [0.5], [1.0], [0.5], [0.5], [0.5], [0.5], [0.5], [0.5], [1.0], [0.5], [1.0], [0.5], [0.5], [0.5], [0.5], [1.0], [0.5], [0.5], [0.5], [0.5], [0.5], [0.5], [0.5], [1.0], [0.5], [0.5], [0.5], [0.5], [1.0], [0.5], [0.5], [0.5], [0.5], [0.5], [0.5], [0.5], [0.5], [1.0], [0.5], [0.5], [0.5], [0.5], [0.5], [0.5], [0.5], [0.5], [0.5], [0.5], [0.5], [1.0], [0.5], [0.5], [1.0], [0.5], [1.0], [0.5], [0.5], [0.5], [0.5], [0.5], [0.5], [0.5], [0.5]]
PGU:	[[0.0], [0.0], [0.0], [0.0], [0.0], [0.0], [0.0], [0.0], [0.0], [0.0], [0.0], [5.9604645e-08], [0.0], [0.0], [0.0], [0.0], [0.0], [0.0], [0.0], [0.0], [0.0], [0.0], [0.0], [0.0], [0.0], [0.0], [0.0], [0.0], [0.0], [0.0], [0.0], [0.0], [0.0], [0.0], [0.0], [0.0], [0.0], [0.0], [0.0], [0.0], [0.0], [0.0], [0.0], [0.0], [0.0], [0.0], [0.0], [0.0], [0.0], [0.0], [0.0], [0.0], [0.0], [0.0], [0.0], [0.0], [2.9802322e-08], [0.0], [0.0], [0.0], [0.0], [0.0], [0.0], [0.0], [0.0], [0.0], [0.0], [0.0], [0.0], [0.0], [0.0], [0.0], [0.0], [0.0], [0.0], [0.0], [0.0], [0.0], [0.0], [0.0], [2.9802322e-08], [0.0]]
PGI:	[[0.043551113], [0.042116277], [0.047025636], [0.042989805], [0.040349428], [0.046376176], [0.04006709], [0.04830971], [0.04825094], [0.03721431], [0.036843065], [0.04495454], [0.032968827], [0.045707148], [0.046277113], [0.044612754], [0.04588901], [0.047106605], [0.032637104], [0.046961565], [0.03528327], [0.048951108], [0.04773338], [0.047631532], [0.037080724], [0.04117072], [0.044131994], [0.037257127], [0.046910096], [0.039215643], [0.048133213], [0.04360873], [0.042237714], [0.047272123], [0.043254726], [0.041399434], [0.04769046], [0.047718618], [0.048303146], [0.03975311], [0.04490995], [0.039327502], [0.046499886], [0.045735747], [0.039764315], [0.048677612], [0.039589792], [0.03438248], [0.046918772], [0.046920773], [0.04414043], [0.04237448], [0.034516163], [0.04801255], [0.047337312], [0.043752242], [0.040074475], [0.047508225], [0.047727693], [0.047956932], [0.046589125], [0.046895586], [0.03202585], [0.047818575], [0.047917243], [0.047948994], [0.034217402], [0.036896165], [0.04712749], [0.047829304], [0.04422154], [0.039768316], [0.047117166], [0.045888033], [0.04770128], [0.046935804], [0.03965031], [0.04420351], [0.04160749], [0.047295634], [0.046744116], [0.0440916]]
orig_inds:	[0, 1, 2, 3, 5, 6, 7, 8, 11, 13, 14, 15, 16, 17, 19, 21, 23, 25, 26, 28, 30, 31, 32, 33, 34, 35, 36, 37, 38, 40, 41, 42, 43, 44, 45, 46, 48, 49, 50, 51, 53, 54, 55, 56, 57, 58, 59, 60, 61, 63, 64, 65, 68, 69, 70, 71, 72, 73, 74, 75, 76, 77, 78, 79, 80, 81, 82, 84, 85, 86, 87, 88, 89, 90, 91, 92, 93, 94, 95, 96, 98, 99]
