
FA:	[]
RA:	[]
PGU:	[[0.0], [0.0], [0.0], [0.0], [0.0], [0.0], [3.259629e-09], [0.0], [0.0], [0.0], [0.0], [0.0], [2.3874236e-12], [1.6298145e-09], [0.0], [0.0], [0.0], [0.0], [0.0], [0.0], [0.0], [9.313226e-10], [2.6077032e-08], [0.0], [0.0], [0.0], [0.0], [0.0], [0.0], [0.0], [0.0], [0.0], [0.0], [5.9604645e-08], [0.0], [0.0], [0.0], [4.0745363e-10], [0.0], [0.0], [0.0], [0.0], [0.0], [0.0], [5.820766e-10], [1.4901161e-08], [0.0], [0.0], [0.0], [0.0], [0.0], [0.0], [0.0], [4.656613e-10], [0.0], [0.0], [0.0], [0.0], [1.1175871e-08], [0.0], [1.6007107e-10], [0.0], [0.0], [5.820766e-10], [0.0], [0.0], [0.0], [1.4551915e-10], [0.0], [0.0], [0.0], [0.0], [0.0], [0.0], [0.0], [0.0], [0.0], [0.0], [0.0], [0.0], [2.3841858e-07], [2.7284841e-11]]
PGI:	[[8.557164e-05], [0.00013422198], [0.35350266], [0.0639852], [0.016934235], [0.36108083], [0.11883128], [0.19251268], [0.3652491], [0.00042482433], [7.1557115e-05], [0.07617044], [2.110157e-05], [0.115940854], [0.041396204], [0.34216368], [0.00476371], [0.356324], [5.9368324e-07], [0.2262447], [0.0010477715], [0.08950621], [0.28384826], [0.19876857], [0.0011651366], [0.01761584], [0.11557606], [0.029854931], [0.16964674], [0.00010902179], [0.07988627], [0.06512948], [0.039424054], [0.39555714], [0.09837407], [0.0009787404], [0.23246028], [0.052196857], [0.21377514], [0.006807566], [0.05441052], [0.006806657], [0.35473046], [0.17716402], [0.03380682], [0.30662468], [0.0005264801], [0.00047299737], [0.35408965], [0.0018091252], [0.122051634], [0.0140464585], [0.00065321306], [0.10023484], [0.3564122], [0.00034612147], [0.00011020406], [0.36749566], [0.26246968], [0.36589932], [0.01722651], [0.05789019], [0.0002608635], [0.06322191], [0.047064546], [0.38123724], [0.00053300784], [0.02954312], [0.21052654], [0.12974033], [0.08712595], [0.0065897675], [0.040952954], [0.357866], [0.36818308], [0.08359028], [2.1522235e-05], [0.115447365], [0.043656714], [0.16997552], [0.32922766], [0.0031933642]]
orig_inds:	[1, 2, 3, 4, 5, 6, 7, 8, 11, 13, 14, 15, 16, 17, 19, 21, 22, 23, 24, 25, 26, 27, 28, 30, 31, 32, 33, 34, 35, 36, 38, 39, 40, 41, 42, 43, 44, 45, 48, 49, 50, 51, 53, 54, 55, 56, 58, 59, 60, 61, 63, 64, 65, 67, 68, 69, 70, 71, 72, 73, 74, 75, 77, 78, 79, 80, 81, 82, 84, 85, 86, 87, 88, 89, 90, 92, 94, 95, 96, 97, 98, 99]
