
FA:	[[1.0], [1.0], [1.0], [1.0], [1.0], [1.0], [1.0], [1.0], [1.0], [1.0], [1.0], [1.0], [1.0], [1.0], [1.0], [1.0], [1.0], [1.0], [1.0], [1.0], [1.0], [1.0], [1.0], [1.0], [1.0], [1.0], [1.0], [1.0], [1.0], [1.0], [1.0], [1.0], [1.0], [1.0], [1.0], [1.0], [1.0], [1.0], [1.0], [1.0], [1.0], [1.0], [1.0], [1.0], [1.0], [1.0], [1.0], [1.0], [1.0], [1.0], [1.0], [1.0], [1.0], [1.0], [1.0], [1.0], [1.0], [1.0], [1.0], [1.0], [1.0], [1.0], [1.0], [1.0], [1.0], [1.0], [1.0], [1.0], [1.0], [1.0], [1.0], [1.0], [1.0], [1.0], [1.0], [1.0], [1.0], [1.0], [1.0], [1.0], [1.0], [1.0], [1.0], [1.0]]
RA:	[[1.0], [1.0], [0.0], [0.5], [1.0], [1.0], [0.5], [1.0], [1.0], [0.5], [0.5], [1.0], [0.5], [1.0], [0.5], [1.0], [1.0], [0.5], [1.0], [1.0], [0.5], [0.5], [1.0], [1.0], [1.0], [1.0], [1.0], [0.0], [1.0], [0.5], [1.0], [1.0], [0.0], [1.0], [0.5], [0.0], [0.5], [0.5], [0.5], [0.5], [1.0], [1.0], [1.0], [1.0], [1.0], [1.0], [1.0], [1.0], [1.0], [0.5], [1.0], [1.0], [1.0], [0.5], [1.0], [1.0], [1.0], [0.5], [1.0], [0.5], [1.0], [1.0], [0.5], [0.5], [0.5], [1.0], [1.0], [1.0], [1.0], [0.5], [1.0], [1.0], [1.0], [1.0], [0.5], [0.5], [0.5], [1.0], [1.0], [1.0], [0.5], [1.0], [1.0], [1.0]]
PGU:	[[0.0], [0.0], [0.0], [0.0], [0.0], [0.0], [0.0], [0.0], [0.0], [0.0], [0.0], [5.9604645e-08], [0.0], [0.0], [0.0], [0.0], [0.0], [0.0], [0.0], [0.0], [0.0], [0.0], [0.0], [0.0], [0.0], [0.0], [0.0], [0.0], [0.0], [0.0], [0.0], [0.0], [0.0], [0.0], [0.0], [0.0], [0.0], [0.0], [0.0], [0.0], [0.0], [0.0], [0.0], [0.0], [0.0], [0.0], [0.0], [0.0], [0.0], [0.0], [0.0], [0.0], [0.0], [0.0], [0.0], [0.0], [2.9802322e-08], [0.0], [0.0], [0.0], [0.0], [0.0], [0.0], [0.0], [0.0], [0.0], [0.0], [0.0], [0.0], [0.0], [0.0], [0.0], [0.0], [0.0], [0.0], [0.0], [0.0], [0.0], [0.0], [0.0], [2.9802322e-08], [0.0], [0.0], [0.0]]
PGI:	[[0.042615652], [0.04202719], [0.047318846], [0.043570757], [0.04080455], [0.04678755], [0.040459547], [0.04807432], [0.047613867], [0.03725829], [0.036688875], [0.044932466], [0.033509407], [0.046188306], [0.04630308], [0.04494433], [0.045165557], [0.047027238], [0.032482173], [0.046435457], [0.035658218], [0.047909033], [0.048337754], [0.04748789], [0.037340224], [0.041070096], [0.044031903], [0.037077457], [0.04795383], [0.03902311], [0.048074227], [0.044060543], [0.04210824], [0.04782122], [0.04354807], [0.041251857], [0.048053496], [0.047575783], [0.046991624], [0.039252162], [0.045074202], [0.0394867], [0.046687327], [0.044800796], [0.03944855], [0.048278473], [0.03948545], [0.03441463], [0.04707815], [0.046277914], [0.044900697], [0.042864628], [0.034540176], [0.04752992], [0.046584465], [0.04372272], [0.04004493], [0.047740277], [0.047232017], [0.047703605], [0.047042828], [0.046505086], [0.032707933], [0.04734363], [0.047953393], [0.048309773], [0.034789976], [0.036475826], [0.0474211], [0.048122253], [0.04416765], [0.039065268], [0.04602905], [0.047524795], [0.04714161], [0.047304723], [0.03891404], [0.044255357], [0.042286757], [0.047710948], [0.046599656], [0.044182777], [0.047400545], [0.035298757]]
orig_inds:	[0, 1, 2, 3, 4, 5, 6, 7, 8, 11, 13, 14, 15, 16, 17, 19, 21, 22, 23, 25, 26, 28, 30, 31, 32, 33, 34, 35, 36, 37, 38, 40, 41, 42, 43, 44, 45, 46, 48, 49, 50, 51, 53, 54, 55, 56, 57, 58, 59, 60, 61, 63, 64, 65, 68, 69, 70, 71, 72, 73, 74, 75, 76, 77, 78, 79, 80, 81, 82, 84, 85, 86, 87, 88, 89, 90, 91, 92, 93, 94, 95, 96, 98, 99]
