
FA:	[[1.0], [1.0], [0.0], [1.0], [1.0], [1.0], [1.0], [1.0], [1.0], [1.0], [1.0], [1.0], [1.0], [1.0], [1.0], [1.0], [1.0], [1.0], [1.0], [1.0], [1.0], [1.0], [1.0], [1.0], [1.0], [1.0], [1.0], [0.0], [1.0], [1.0], [1.0], [1.0], [0.0], [1.0], [1.0], [0.0], [1.0], [0.0], [1.0], [1.0], [1.0], [1.0], [1.0], [1.0], [1.0], [1.0], [1.0], [1.0], [1.0], [1.0], [1.0], [1.0], [1.0], [1.0], [1.0], [1.0], [1.0], [0.0], [1.0], [1.0], [1.0], [1.0], [1.0], [1.0], [1.0], [1.0], [1.0], [1.0], [1.0], [1.0], [1.0], [1.0], [1.0], [1.0], [1.0], [1.0], [1.0], [1.0], [1.0], [1.0], [1.0], [1.0], [1.0], [1.0]]
RA:	[[1.0], [1.0], [0.0], [1.0], [1.0], [1.0], [1.0], [1.0], [1.0], [1.0], [1.0], [1.0], [1.0], [1.0], [1.0], [1.0], [1.0], [1.0], [1.0], [1.0], [1.0], [1.0], [1.0], [1.0], [1.0], [1.0], [1.0], [0.0], [1.0], [1.0], [1.0], [1.0], [0.0], [1.0], [1.0], [0.0], [1.0], [0.0], [1.0], [1.0], [1.0], [1.0], [1.0], [1.0], [1.0], [1.0], [1.0], [1.0], [1.0], [1.0], [1.0], [1.0], [1.0], [1.0], [1.0], [1.0], [1.0], [0.0], [1.0], [1.0], [1.0], [1.0], [1.0], [1.0], [1.0], [1.0], [1.0], [1.0], [1.0], [1.0], [1.0], [1.0], [1.0], [1.0], [1.0], [1.0], [1.0], [1.0], [1.0], [1.0], [1.0], [1.0], [1.0], [1.0]]
PGU:	[[0.019186936], [0.018399997], [0.04301885], [0.019302966], [0.01804446], [0.020951405], [0.01796735], [0.021239327], [0.021138785], [0.016706128], [0.016338851], [0.019805593], [0.014702006], [0.02067], [0.020862626], [0.02020501], [0.020268112], [0.020878425], [0.01439471], [0.020786176], [0.01587501], [0.021494562], [0.021179406], [0.02129422], [0.01658273], [0.018043496], [0.019515412], [0.03419881], [0.0211008], [0.017241305], [0.02159365], [0.019025432], [0.038520638], [0.020817304], [0.019350918], [0.03780576], [0.02139813], [0.04402312], [0.021241298], [0.017480616], [0.019968217], [0.017266007], [0.02104939], [0.020206321], [0.017579632], [0.021367982], [0.01752233], [0.015170872], [0.020848157], [0.020822184], [0.02005267], [0.018972378], [0.015339123], [0.021401495], [0.020717934], [0.019656414], [0.018018141], [0.043775957], [0.021544209], [0.02120286], [0.020794503], [0.02057032], [0.014441366], [0.02118134], [0.021491133], [0.021368282], [0.015200917], [0.016296424], [0.02093591], [0.021432955], [0.01963734], [0.01734653], [0.02067499], [0.020989526], [0.021440107], [0.020773139], [0.01763681], [0.020006761], [0.018730396], [0.021299673], [0.020785915], [0.019665869], [0.021165289], [0.015973099]]
PGI:	[[0.03872438], [0.03730149], [0.018463513], [0.038985223], [0.036767773], [0.04252817], [0.03581261], [0.043087278], [0.042440187], [0.033732075], [0.033778004], [0.040119935], [0.030136673], [0.04188228], [0.04200678], [0.0403393], [0.04010283], [0.04221284], [0.029420806], [0.042174418], [0.031978305], [0.042858217], [0.042805906], [0.04205377], [0.033330113], [0.036702935], [0.03909204], [0.014606896], [0.04296776], [0.035293177], [0.043064028], [0.039015453], [0.016909325], [0.04241045], [0.03953413], [0.016309708], [0.04303614], [0.018976843], [0.042832356], [0.035465125], [0.040049482], [0.03537188], [0.042349454], [0.041321978], [0.036178], [0.04306009], [0.035880696], [0.03104162], [0.042329006], [0.04214187], [0.04027709], [0.038072683], [0.030877212], [0.0430292], [0.042424962], [0.039316792], [0.03594102], [0.018826503], [0.043123737], [0.042756222], [0.042281777], [0.042222787], [0.028972995], [0.042993646], [0.043285612], [0.042641476], [0.031136764], [0.033157155], [0.041704763], [0.043270983], [0.040085327], [0.03516056], [0.04178567], [0.042622287], [0.043013237], [0.041788753], [0.035425894], [0.040206995], [0.038178463], [0.042692844], [0.041760292], [0.039488174], [0.042635653], [0.03290278]]
orig_inds:	[0, 1, 2, 3, 4, 5, 6, 7, 8, 11, 13, 14, 15, 16, 17, 19, 21, 22, 23, 25, 26, 28, 30, 31, 32, 33, 34, 35, 36, 37, 38, 40, 41, 42, 43, 44, 45, 46, 48, 49, 50, 51, 53, 54, 55, 56, 57, 58, 59, 60, 61, 63, 64, 65, 68, 69, 70, 71, 72, 73, 74, 75, 76, 77, 78, 79, 80, 81, 82, 84, 85, 86, 87, 88, 89, 90, 91, 92, 93, 94, 95, 96, 98, 99]
