
FA:	[]
RA:	[]
PGU:	[[0.0], [0.0], [0.0], [0.0], [0.0], [0.0], [3.259629e-09], [0.0], [0.0], [0.0], [0.0], [0.0], [2.3874236e-12], [1.6298145e-09], [0.0], [0.0], [0.0], [0.0], [0.0], [0.0], [0.0], [9.313226e-10], [2.6077032e-08], [0.0], [0.0], [0.0], [0.0], [0.0], [0.0], [0.0], [0.0], [0.0], [0.0], [5.9604645e-08], [0.0], [0.0], [0.0], [4.0745363e-10], [0.0], [0.0], [0.0], [0.0], [0.0], [0.0], [5.820766e-10], [1.4901161e-08], [0.0], [0.0], [0.0], [0.0], [0.0], [0.0], [0.0], [4.656613e-10], [0.0], [0.0], [0.0], [0.0], [1.1175871e-08], [0.0], [1.6007107e-10], [0.0], [0.0], [5.820766e-10], [0.0], [0.0], [0.0], [1.4551915e-10], [0.0], [0.0], [0.0], [0.0], [0.0], [0.0], [0.0], [0.0], [0.0], [0.0], [0.0], [0.0], [2.3841858e-07], [2.7284841e-11], [0.0], [0.0], [0.0], [0.0], [3.7252903e-08]]
PGI:	[[6.375625e-05], [0.00023382246], [0.35441878], [0.06311124], [0.017161544], [0.35506332], [0.11950441], [0.19302736], [0.3704045], [0.00045134543], [7.0146525e-05], [0.07947892], [1.9928471e-05], [0.11438952], [0.044541985], [0.34340703], [0.005285742], [0.35349268], [5.589462e-07], [0.227377], [0.0011583631], [0.084583476], [0.29279882], [0.20193447], [0.0013235442], [0.0172074], [0.11622268], [0.028890777], [0.16118242], [0.00011497984], [0.076616555], [0.061890583], [0.03715514], [0.39901975], [0.097434245], [0.00080684316], [0.22715595], [0.055403113], [0.21526536], [0.007219367], [0.05448982], [0.006573756], [0.35669214], [0.17174132], [0.032394], [0.30356947], [0.0003669361], [0.00054647896], [0.35472575], [0.0018995359], [0.12666759], [0.013948778], [0.000557437], [0.0939908], [0.3559662], [0.00052600907], [0.00024957015], [0.36166942], [0.26896557], [0.36691058], [0.01696976], [0.061828997], [0.00026635197], [0.058895208], [0.048863254], [0.3800445], [0.00058944774], [0.026374185], [0.21207532], [0.13031621], [0.09067644], [0.00617743], [0.038634628], [0.35530668], [0.36397034], [0.08562159], [2.1480178e-05], [0.11305063], [0.042712077], [0.17127933], [0.33111712], [0.0022410846], [0.1887874], [0.0004049058], [0.0024309335], [0.099292785], [0.20011073]]
orig_inds:	[1, 2, 3, 4, 5, 6, 7, 8, 11, 13, 14, 15, 16, 17, 19, 20, 21, 22, 23, 24, 25, 26, 27, 28, 30, 31, 32, 33, 34, 35, 36, 37, 38, 39, 40, 41, 42, 43, 44, 45, 48, 49, 50, 51, 53, 54, 55, 56, 57, 58, 59, 60, 61, 63, 64, 65, 67, 68, 69, 70, 71, 72, 73, 74, 75, 77, 78, 79, 80, 81, 82, 84, 85, 86, 87, 88, 89, 90, 91, 92, 93, 94, 95, 96, 97, 98, 99]
