
FA:	[[1.0], [1.0], [1.0], [1.0], [1.0], [1.0], [1.0], [1.0], [1.0], [1.0], [1.0], [1.0], [1.0], [1.0], [1.0], [1.0], [1.0], [1.0], [1.0], [1.0], [1.0], [1.0], [1.0], [1.0], [1.0], [1.0], [1.0], [1.0], [1.0], [1.0], [1.0], [1.0], [1.0], [1.0], [1.0], [1.0], [1.0], [1.0], [1.0], [1.0], [1.0], [1.0], [1.0], [1.0], [1.0], [1.0], [1.0], [1.0], [1.0], [1.0], [1.0], [1.0], [1.0], [1.0], [1.0], [1.0], [1.0], [1.0], [1.0], [1.0], [1.0], [1.0], [1.0], [1.0], [1.0], [1.0], [1.0], [1.0], [1.0], [1.0], [1.0], [1.0], [1.0], [1.0], [1.0], [1.0], [1.0], [1.0], [1.0], [1.0], [1.0], [1.0], [1.0], [1.0]]
RA:	[[0.5], [1.0], [0.5], [1.0], [1.0], [1.0], [1.0], [0.5], [1.0], [1.0], [1.0], [0.5], [0.5], [0.5], [1.0], [0.5], [1.0], [0.5], [1.0], [0.5], [1.0], [1.0], [0.5], [0.5], [0.5], [0.5], [1.0], [1.0], [1.0], [1.0], [0.5], [1.0], [1.0], [1.0], [0.5], [0.5], [1.0], [0.5], [0.5], [0.5], [0.5], [0.5], [0.5], [0.5], [1.0], [1.0], [0.5], [1.0], [0.5], [0.5], [0.5], [1.0], [1.0], [1.0], [0.5], [1.0], [0.5], [0.5], [0.5], [0.5], [0.5], [0.5], [0.5], [0.5], [0.5], [0.5], [0.5], [0.5], [0.5], [0.5], [0.5], [1.0], [1.0], [0.5], [0.5], [1.0], [0.5], [0.5], [0.5], [1.0], [1.0], [0.5], [1.0], [1.0]]
PGU:	[[0.0], [0.0], [0.0], [0.0], [0.0], [0.0], [0.0], [0.0], [0.0], [0.0], [0.0], [5.9604645e-08], [0.0], [0.0], [0.0], [0.0], [0.0], [0.0], [0.0], [0.0], [0.0], [0.0], [0.0], [0.0], [0.0], [0.0], [0.0], [0.0], [0.0], [0.0], [0.0], [0.0], [0.0], [0.0], [0.0], [0.0], [0.0], [0.0], [0.0], [0.0], [0.0], [0.0], [0.0], [0.0], [0.0], [0.0], [0.0], [0.0], [0.0], [0.0], [0.0], [0.0], [0.0], [0.0], [0.0], [0.0], [2.9802322e-08], [0.0], [0.0], [0.0], [0.0], [0.0], [0.0], [0.0], [0.0], [0.0], [0.0], [0.0], [0.0], [0.0], [0.0], [0.0], [0.0], [0.0], [0.0], [0.0], [0.0], [0.0], [0.0], [0.0], [2.9802322e-08], [0.0], [0.0], [0.0]]
PGI:	[[0.043640222], [0.041632913], [0.047204528], [0.043743655], [0.04036962], [0.0471587], [0.04032528], [0.047316696], [0.047549803], [0.037525903], [0.037116975], [0.044301216], [0.0334612], [0.046251632], [0.0462869], [0.044613507], [0.04512599], [0.04721308], [0.032022625], [0.047432844], [0.035544056], [0.047958728], [0.047477804], [0.047488205], [0.037645143], [0.04069342], [0.043323677], [0.037181515], [0.047822624], [0.038650658], [0.04840827], [0.04371645], [0.041588355], [0.047124006], [0.04391897], [0.041354414], [0.048112795], [0.04791228], [0.04768843], [0.03948406], [0.045174107], [0.03858243], [0.046745628], [0.04629813], [0.03997363], [0.0478413], [0.03953875], [0.03453414], [0.046072256], [0.046678968], [0.043800037], [0.0428582], [0.03438134], [0.0475924], [0.046665825], [0.043867633], [0.040094614], [0.048203636], [0.047081538], [0.047925368], [0.04682353], [0.04654329], [0.03271617], [0.047792394], [0.04763145], [0.047373753], [0.03444274], [0.03693431], [0.04675597], [0.048005812], [0.044493847], [0.03993444], [0.04638199], [0.047232646], [0.04741721], [0.046741016], [0.03998207], [0.044311102], [0.041900612], [0.04765732], [0.046314027], [0.04433558], [0.04776824], [0.03574117]]
orig_inds:	[0, 1, 2, 3, 4, 5, 6, 7, 8, 11, 13, 14, 15, 16, 17, 19, 21, 22, 23, 25, 26, 28, 30, 31, 32, 33, 34, 35, 36, 37, 38, 40, 41, 42, 43, 44, 45, 46, 48, 49, 50, 51, 53, 54, 55, 56, 57, 58, 59, 60, 61, 63, 64, 65, 68, 69, 70, 71, 72, 73, 74, 75, 76, 77, 78, 79, 80, 81, 82, 84, 85, 86, 87, 88, 89, 90, 91, 92, 93, 94, 95, 96, 98, 99]
