
FA:	[]
RA:	[]
PGU:	[[0.0], [0.0], [0.0], [0.0], [0.0], [0.0], [3.259629e-09], [0.0], [0.0], [0.0], [0.0], [0.0], [2.3874236e-12], [1.6298145e-09], [0.0], [0.0], [0.0], [0.0], [0.0], [0.0], [0.0], [9.313226e-10], [2.6077032e-08], [0.0], [0.0], [0.0], [0.0], [0.0], [0.0], [0.0], [0.0], [0.0], [0.0], [5.9604645e-08], [0.0], [0.0], [0.0], [4.0745363e-10], [0.0], [0.0], [0.0], [0.0], [0.0], [0.0], [5.820766e-10], [1.4901161e-08], [0.0], [0.0], [0.0], [0.0], [0.0], [0.0], [0.0], [4.656613e-10], [0.0], [0.0], [0.0], [0.0], [1.1175871e-08], [0.0], [1.6007107e-10], [0.0], [0.0], [5.820766e-10], [0.0], [0.0], [0.0], [1.4551915e-10], [0.0], [0.0], [0.0], [0.0], [0.0], [0.0], [0.0], [0.0], [0.0], [0.0], [0.0], [0.0], [2.3841858e-07], [2.7284841e-11], [0.0], [0.0], [0.0], [0.0], [3.7252903e-08]]
PGI:	[[9.8180506e-05], [8.189456e-05], [0.3540422], [0.061012816], [0.018216578], [0.3526901], [0.12225791], [0.18871838], [0.3643882], [0.00032504555], [7.223825e-05], [0.07856402], [2.0342628e-05], [0.12011183], [0.041273784], [0.34135753], [0.0042053876], [0.35456893], [9.231478e-07], [0.2211462], [0.001326641], [0.0861405], [0.2883796], [0.19919482], [0.0010304095], [0.01617707], [0.11519723], [0.032009892], [0.16190936], [0.0001843672], [0.080691144], [0.061611608], [0.040724196], [0.3971445], [0.09926377], [0.0008505523], [0.22767998], [0.055456154], [0.2186409], [0.007079062], [0.0551825], [0.0072416277], [0.35681814], [0.1736487], [0.03394614], [0.2983198], [0.00046269456], [0.0005106246], [0.3548895], [0.0018855423], [0.1257014], [0.016335357], [0.00070347235], [0.09507527], [0.35479182], [0.00029572536], [0.000181116], [0.36819804], [0.26822695], [0.36902964], [0.016912863], [0.057993207], [0.00027680935], [0.06009376], [0.04935279], [0.37545815], [0.00049410865], [0.02719375], [0.21217044], [0.122941725], [0.09011609], [0.0058882274], [0.04192549], [0.35291883], [0.36579183], [0.0917204], [2.1555847e-05], [0.11192454], [0.041914415], [0.1699231], [0.3268319], [0.003160869], [0.19146651], [0.00052125007], [0.0029670354], [0.099037126], [0.18915607]]
orig_inds:	[1, 2, 3, 4, 5, 6, 7, 8, 11, 13, 14, 15, 16, 17, 19, 20, 21, 22, 23, 24, 25, 26, 27, 28, 30, 31, 32, 33, 34, 35, 36, 37, 38, 39, 40, 41, 42, 43, 44, 45, 48, 49, 50, 51, 53, 54, 55, 56, 57, 58, 59, 60, 61, 63, 64, 65, 67, 68, 69, 70, 71, 72, 73, 74, 75, 77, 78, 79, 80, 81, 82, 84, 85, 86, 87, 88, 89, 90, 91, 92, 93, 94, 95, 96, 97, 98, 99]
