
FA:	[[1.0], [1.0], [1.0], [1.0], [1.0], [1.0], [1.0], [1.0], [1.0], [1.0], [1.0], [1.0], [1.0], [1.0], [1.0], [1.0], [1.0], [1.0], [1.0], [1.0], [1.0], [1.0], [1.0], [1.0], [1.0], [1.0], [1.0], [1.0], [1.0], [1.0], [1.0], [1.0], [1.0], [1.0], [1.0], [1.0], [1.0], [1.0], [1.0], [1.0], [1.0], [1.0], [1.0], [1.0], [1.0], [1.0], [1.0], [1.0], [1.0], [1.0], [1.0], [1.0], [1.0], [1.0], [1.0], [1.0], [1.0], [1.0], [1.0], [1.0], [1.0], [1.0], [1.0], [1.0], [1.0], [1.0], [1.0], [1.0], [1.0], [1.0], [1.0], [1.0], [1.0], [1.0], [1.0], [1.0], [1.0], [1.0], [1.0]]
RA:	[[0.25], [0.5], [0.5], [0.5], [0.5], [0.5], [0.0], [0.0], [1.0], [1.0], [0.5], [0.5], [0.5], [1.0], [0.5], [0.5], [0.5], [0.5], [1.0], [0.5], [0.5], [0.5], [0.5], [0.25], [0.5], [1.0], [0.0], [0.5], [0.25], [0.5], [1.0], [0.5], [0.25], [0.0], [0.5], [0.25], [0.5], [0.5], [0.5], [0.5], [0.5], [0.5], [0.5], [0.5], [0.5], [1.0], [0.0], [0.5], [0.5], [0.5], [0.5], [0.5], [0.25], [0.5], [0.5], [0.5], [0.5], [0.5], [0.5], [0.5], [0.5], [0.5], [0.5], [0.5], [0.5], [0.5], [0.25], [0.5], [0.5], [1.0], [0.0], [0.5], [0.5], [0.5], [0.5], [0.0], [0.5], [0.5], [0.5]]
PGU:	[[0.0], [0.0], [0.0], [0.0], [0.0], [0.0], [0.0], [0.0], [0.0], [0.0], [0.0], [5.9604645e-08], [0.0], [0.0], [0.0], [0.0], [0.0], [0.0], [0.0], [0.0], [0.0], [0.0], [0.0], [0.0], [0.0], [0.0], [0.0], [0.0], [0.0], [0.0], [0.0], [0.0], [0.0], [0.0], [0.0], [0.0], [0.0], [0.0], [0.0], [0.0], [0.0], [0.0], [0.0], [0.0], [0.0], [0.0], [0.0], [0.0], [0.0], [0.0], [0.0], [0.0], [0.0], [0.0], [0.0], [0.0], [2.9802322e-08], [0.0], [0.0], [0.0], [0.0], [0.0], [0.0], [0.0], [0.0], [0.0], [0.0], [0.0], [0.0], [0.0], [0.0], [0.0], [0.0], [0.0], [0.0], [0.0], [0.0], [0.0], [0.0]]
PGI:	[[0.042610783], [0.04176138], [0.046339694], [0.043485235], [0.040426373], [0.046937115], [0.040034793], [0.047169704], [0.048175372], [0.038275998], [0.0374854], [0.044507634], [0.03361877], [0.046057817], [0.046817213], [0.044941653], [0.045643814], [0.046292875], [0.032407593], [0.046873506], [0.036000237], [0.048278023], [0.047451373], [0.047794875], [0.03730257], [0.041006226], [0.04436317], [0.03696605], [0.04775573], [0.03842699], [0.04789744], [0.043503385], [0.042545192], [0.047676183], [0.04391504], [0.040533982], [0.04821031], [0.04749773], [0.048467364], [0.038767308], [0.0446049], [0.038732693], [0.04776632], [0.046437494], [0.04008846], [0.047870032], [0.039729185], [0.034483943], [0.04680463], [0.046895716], [0.04505354], [0.04310975], [0.03434319], [0.048245758], [0.046531614], [0.044156976], [0.03982704], [0.04698045], [0.04805771], [0.04733163], [0.046669163], [0.0472584], [0.03266275], [0.04769967], [0.047773894], [0.047451112], [0.03427859], [0.036642045], [0.04695764], [0.048423104], [0.044568703], [0.03926332], [0.046449825], [0.04748274], [0.04688804], [0.04674848], [0.03956794], [0.044244137], [0.042209905]]
orig_inds:	[0, 1, 2, 3, 4, 5, 6, 7, 8, 11, 13, 14, 15, 16, 19, 21, 22, 23, 25, 28, 30, 31, 32, 33, 34, 35, 36, 37, 38, 40, 41, 42, 43, 44, 45, 46, 48, 49, 50, 51, 53, 54, 55, 56, 57, 58, 60, 61, 63, 64, 65, 68, 69, 70, 71, 72, 73, 74, 75, 76, 77, 78, 79, 80, 81, 82, 84, 85, 87, 88, 89, 90, 91, 93, 94, 95, 96, 98, 99]
