
FA:	[[1.0], [1.0], [1.0], [1.0], [1.0], [1.0], [0.0], [0.0], [1.0], [1.0], [1.0], [0.0], [1.0], [1.0], [1.0], [1.0], [1.0], [0.0], [1.0], [1.0], [1.0], [1.0], [1.0], [0.0], [1.0], [1.0], [0.0], [0.0], [0.0], [0.0], [1.0], [1.0], [0.0], [0.0], [0.0], [0.0], [1.0], [1.0], [1.0], [0.0], [0.0], [1.0], [0.0], [0.0], [1.0], [1.0], [0.0], [1.0], [0.0], [1.0], [1.0], [1.0], [0.0], [1.0], [1.0], [1.0], [1.0], [1.0], [1.0], [1.0], [1.0], [1.0], [1.0], [0.0], [0.0], [0.0], [0.0], [1.0], [1.0], [1.0], [0.0], [1.0], [1.0], [1.0], [1.0], [0.0], [1.0], [1.0], [1.0]]
RA:	[[1.0], [1.0], [1.0], [1.0], [1.0], [1.0], [0.0], [0.0], [1.0], [1.0], [1.0], [0.0], [1.0], [1.0], [1.0], [1.0], [1.0], [0.0], [1.0], [1.0], [1.0], [1.0], [1.0], [0.0], [1.0], [1.0], [0.0], [0.0], [0.0], [0.0], [1.0], [1.0], [0.0], [0.0], [0.0], [0.0], [1.0], [1.0], [1.0], [0.0], [0.0], [1.0], [0.0], [0.0], [1.0], [1.0], [0.0], [1.0], [0.0], [1.0], [1.0], [1.0], [0.0], [1.0], [1.0], [1.0], [1.0], [1.0], [1.0], [1.0], [1.0], [1.0], [1.0], [0.0], [0.0], [0.0], [0.0], [1.0], [1.0], [1.0], [0.0], [1.0], [1.0], [1.0], [1.0], [0.0], [1.0], [1.0], [1.0]]
PGU:	[[0.01914331], [0.018498585], [0.020663442], [0.0194127], [0.017913602], [0.02086278], [0.0402928], [0.046849303], [0.02119657], [0.016853958], [0.01635184], [0.04422759], [0.014690361], [0.020414002], [0.020688286], [0.020191863], [0.020234585], [0.046573393], [0.014284887], [0.020909525], [0.01601509], [0.02141032], [0.021528201], [0.046681836], [0.016516529], [0.018303573], [0.043644972], [0.036616206], [0.047071476], [0.035646785], [0.021553373], [0.019199723], [0.04152313], [0.046469454], [0.04036011], [0.03986511], [0.021523608], [0.021024112], [0.02121468], [0.036075268], [0.04127138], [0.017437898], [0.046247948], [0.04518898], [0.017659895], [0.02106738], [0.036347434], [0.0152757885], [0.04686671], [0.020757833], [0.01974772], [0.019034304], [0.035070814], [0.02118846], [0.021076959], [0.019627571], [0.017826907], [0.021283574], [0.021245249], [0.02133716], [0.020899048], [0.020759983], [0.014353159], [0.047022134], [0.047281995], [0.046945125], [0.034438338], [0.01629753], [0.020904731], [0.021234915], [0.040765148], [0.017391803], [0.020785755], [0.020779256], [0.021154728], [0.046593934], [0.017485168], [0.019643383], [0.018808544]]
PGI:	[[0.038815077], [0.03805601], [0.042450026], [0.039084367], [0.036496382], [0.042887837], [0.0043094414], [0.008125822], [0.042651553], [0.033693954], [0.033719465], [0.004859128], [0.02993184], [0.041310765], [0.042080704], [0.040543772], [0.04059058], [0.008018226], [0.029227015], [0.04220251], [0.032054275], [0.043194283], [0.042430963], [0.008220953], [0.03330034], [0.03605281], [0.0047751414], [0.006302698], [0.005231943], [0.015619548], [0.043134168], [0.038599133], [0.0071319696], [0.008005776], [0.017305207], [0.0070060454], [0.042960078], [0.042804945], [0.042975627], [0.015614061], [0.017609732], [0.0353754], [0.007817827], [0.007719591], [0.03584951], [0.043438997], [0.0155722], [0.03101745], [0.008051345], [0.042190447], [0.04007537], [0.038437963], [0.005877446], [0.043058053], [0.04223755], [0.039694544], [0.03579742], [0.042671032], [0.042887762], [0.04269382], [0.04218449], [0.04149468], [0.029244764], [0.005173277], [0.008138972], [0.008187164], [0.0036990882], [0.033238236], [0.042784233], [0.04310307], [0.0175984], [0.03519729], [0.041310884], [0.041835867], [0.04285886], [0.0050241156], [0.035145815], [0.040032018], [0.037414677]]
orig_inds:	[0, 1, 2, 3, 4, 5, 6, 7, 8, 11, 13, 14, 15, 16, 19, 21, 22, 23, 25, 28, 30, 31, 32, 33, 34, 35, 36, 37, 38, 40, 41, 42, 43, 44, 45, 46, 48, 49, 50, 51, 53, 54, 55, 56, 57, 58, 60, 61, 63, 64, 65, 68, 69, 70, 71, 72, 73, 74, 75, 76, 77, 78, 79, 80, 81, 82, 84, 85, 87, 88, 89, 90, 91, 93, 94, 95, 96, 98, 99]
