
FA:	[[0.5], [0.5], [0.5], [0.5], [0.5], [0.5], [0.0], [0.5], [1.0], [1.0], [0.5], [0.5], [0.5], [1.0], [0.5], [0.5], [0.5], [0.5], [1.0], [0.5], [0.5], [0.5], [0.5], [0.5], [0.5], [1.0], [0.0], [0.5], [0.5], [1.0], [1.0], [0.5], [0.5], [0.0], [1.0], [0.5], [0.5], [0.5], [0.5], [1.0], [1.0], [0.5], [0.5], [0.5], [0.5], [1.0], [0.5], [0.5], [0.5], [0.5], [0.5], [0.5], [0.5], [0.5], [0.5], [0.5], [0.5], [0.5], [0.5], [0.5], [0.5], [0.5], [0.5], [0.5], [0.5], [0.5], [0.5], [1.0], [0.5], [1.0], [0.5], [0.5], [0.5], [0.5], [0.5], [0.0], [0.5], [0.5], [0.5]]
RA:	[[0.5], [0.5], [0.5], [0.5], [0.5], [0.5], [0.0], [0.0], [1.0], [1.0], [0.5], [0.5], [0.5], [1.0], [0.5], [0.5], [0.5], [0.5], [1.0], [0.5], [0.5], [0.5], [0.5], [0.5], [0.5], [1.0], [0.0], [0.5], [0.0], [0.0], [1.0], [0.5], [0.5], [0.0], [0.0], [0.5], [0.5], [0.5], [0.5], [0.0], [0.0], [0.5], [0.5], [0.5], [0.5], [1.0], [0.0], [0.5], [0.5], [0.5], [0.5], [0.5], [0.5], [0.5], [0.5], [0.5], [0.5], [0.5], [0.5], [0.5], [0.5], [0.5], [0.5], [0.5], [0.5], [0.5], [0.0], [1.0], [0.5], [1.0], [0.0], [0.5], [0.5], [0.5], [0.5], [0.0], [0.5], [0.5], [0.5]]
PGU:	[[0.018511448], [0.017433522], [0.019369055], [0.017764762], [0.016660841], [0.019258033], [0.039181516], [0.019759545], [0.0095434], [0.007542084], [0.015133072], [0.04107412], [0.013786516], [0.009316286], [0.019106425], [0.01858688], [0.018746668], [0.042914134], [0.006583153], [0.019241158], [0.0147203915], [0.01986381], [0.019762991], [0.042872302], [0.015391443], [0.008227909], [0.04313246], [0.033309937], [0.020582303], [0.007827562], [0.009591546], [0.017736653], [0.03812373], [0.046620965], [0.00865606], [0.037742756], [0.019634444], [0.019767245], [0.019906225], [0.007866955], [0.0089917015], [0.016304495], [0.042244747], [0.041185983], [0.016308585], [0.00958303], [0.03620356], [0.014279884], [0.042747952], [0.019216638], [0.01832545], [0.017738866], [0.030913193], [0.019429153], [0.019629795], [0.018295782], [0.016515924], [0.019636864], [0.02050945], [0.019686203], [0.018987875], [0.019252928], [0.013391442], [0.043526255], [0.043417845], [0.043464173], [0.014895463], [0.007352475], [0.019094115], [0.009673082], [0.040437996], [0.016019348], [0.019306175], [0.019558067], [0.019831538], [0.046359602], [0.015992342], [0.018183766], [0.017174907]]
PGI:	[[0.038998682], [0.038558587], [0.042883098], [0.039238382], [0.036477532], [0.043284096], [0.00806327], [0.043420948], [0.04737506], [0.036752753], [0.034359813], [0.0183377], [0.03065357], [0.045100067], [0.0419313], [0.04111349], [0.041751083], [0.019907182], [0.031584006], [0.042900108], [0.0328255], [0.043209016], [0.044313345], [0.02077237], [0.033569887], [0.04017611], [0.008892017], [0.015856411], [0.04344614], [0.038294286], [0.047268234], [0.03925245], [0.018029833], [0.009550899], [0.04279395], [0.017852051], [0.04365455], [0.043182705], [0.043062475], [0.03853125], [0.044349696], [0.03596381], [0.020477798], [0.019780187], [0.03688543], [0.046538666], [0.016805492], [0.03161148], [0.020526975], [0.041814175], [0.04037181], [0.038994204], [0.01479326], [0.044026796], [0.043181166], [0.040447798], [0.03696142], [0.043205954], [0.043040987], [0.043040868], [0.042787544], [0.043042894], [0.030344747], [0.019590978], [0.020561976], [0.020872539], [0.03137661], [0.036201008], [0.042667136], [0.046330605], [0.019226374], [0.03555815], [0.04234446], [0.043446023], [0.042540535], [0.0094726635], [0.035622012], [0.04037124], [0.038130295]]
orig_inds:	[0, 1, 2, 3, 4, 5, 6, 7, 8, 11, 13, 14, 15, 16, 19, 21, 22, 23, 25, 28, 30, 31, 32, 33, 34, 35, 36, 37, 38, 40, 41, 42, 43, 44, 45, 46, 48, 49, 50, 51, 53, 54, 55, 56, 57, 58, 60, 61, 63, 64, 65, 68, 69, 70, 71, 72, 73, 74, 75, 76, 77, 78, 79, 80, 81, 82, 84, 85, 87, 88, 89, 90, 91, 93, 94, 95, 96, 98, 99]
