
FA:	[]
RA:	[]
PGU:	[[0.0], [6.8212103e-12], [2.9802322e-08], [0.0], [0.0], [2.9802322e-08], [4.1909516e-09], [0.0], [8.940697e-08], [0.0], [0.0], [0.0], [2.3874236e-12], [8.1490725e-10], [0.0], [4.4703484e-08], [0.0], [2.9802322e-08], [0.0], [0.0], [0.0], [1.7462298e-09], [3.1664968e-08], [3.0733645e-08], [1.2732926e-11], [0.0], [0.0], [0.0], [0.0], [0.0], [9.313226e-10], [0.0], [0.0], [1.1920929e-07], [8.1490725e-10], [0.0], [0.0], [0.0], [0.0], [0.0], [0.0], [0.0], [2.9802322e-08], [0.0], [5.820766e-10], [2.6077032e-08], [0.0], [0.0], [2.9802322e-08], [0.0], [0.0], [0.0], [0.0], [0.0], [2.9802322e-08], [0.0], [1.4551915e-11], [8.940697e-08], [2.2351742e-08], [8.940697e-08], [0.0], [2.910383e-10], [0.0], [5.820766e-10], [0.0], [5.9604645e-08], [0.0], [1.4551915e-10], [6.519258e-09], [2.7939677e-09], [0.0], [0.0], [0.0], [2.9802322e-08], [8.940697e-08], [0.0], [0.0], [0.0], [0.0], [0.0], [5.9604645e-08], [0.0], [6.9849193e-09], [0.0], [0.0], [1.0477379e-09], [1.8626451e-08], [8.940697e-08], [0.0], [0.0], [2.2351742e-08], [0.0], [2.2351742e-08]]
PGI:	[[7.359383e-05], [0.00013415802], [0.35529232], [0.06169637], [0.017074892], [0.3553444], [0.12386385], [0.19469012], [0.3686951], [0.00033835936], [6.948139e-05], [0.07802528], [1.98608e-05], [0.11866427], [0.04267221], [0.339349], [0.0040817084], [0.35609177], [5.401559e-07], [0.2264963], [0.0009764642], [0.086902976], [0.2970602], [0.19802919], [0.0010702459], [0.018484537], [0.12120083], [0.03226001], [0.16728005], [0.00011238985], [0.08261172], [0.06373537], [0.04021659], [0.39450708], [0.09692514], [0.00064697256], [0.2308561], [0.054272328], [0.2070773], [0.0063403696], [0.053997487], [0.006553618], [0.3567296], [0.17423882], [0.034762867], [0.30633312], [0.00029418446], [0.00047324496], [0.3533956], [0.0023606368], [0.1227605], [0.015278279], [0.0006870581], [0.09594174], [0.354926], [0.00025675236], [0.00016766877], [0.3658376], [0.26485372], [0.36683255], [0.016767561], [0.06008], [0.00026144253], [0.06073936], [0.048580617], [0.37695137], [0.0005180296], [0.026530718], [0.2096363], [0.1270834], [0.091466255], [0.0061103296], [0.04081933], [0.3590567], [0.36526144], [0.085440665], [2.1337288e-05], [0.11116743], [0.04284901], [0.16539304], [0.32615912], [0.0028726242], [0.18686604], [0.00038339262], [0.0033105735], [0.09774454], [0.20328255], [0.36798355], [0.081871115], [0.24218394], [0.26970947], [0.019762857], [0.26549104]]
orig_inds:	[0, 1, 2, 3, 4, 5, 6, 7, 8, 9, 10, 12, 13, 15, 16, 17, 18, 19, 20, 21, 22, 23, 24, 25, 26, 27, 28, 29, 30, 31, 32, 33, 34, 36, 37, 38, 39, 40, 41, 42, 43, 44, 46, 47, 48, 49, 51, 52, 53, 54, 55, 56, 57, 58, 59, 60, 61, 62, 63, 64, 65, 66, 67, 68, 70, 71, 72, 73, 74, 75, 76, 77, 78, 79, 80, 81, 82, 83, 84, 85, 86, 87, 88, 90, 91, 92, 93, 94, 95, 96, 97, 98, 99]
