
FA:	[[1.0], [1.0], [1.0], [1.0], [1.0], [1.0], [1.0], [1.0], [1.0], [1.0], [1.0], [1.0], [1.0], [1.0], [1.0], [1.0], [1.0], [1.0], [1.0], [1.0], [1.0], [1.0], [1.0], [1.0], [1.0], [1.0], [1.0], [1.0], [1.0], [1.0], [1.0], [1.0], [1.0], [1.0], [1.0], [1.0], [1.0], [1.0], [1.0], [1.0], [1.0], [1.0], [1.0], [1.0], [1.0], [1.0], [1.0], [1.0], [1.0], [1.0], [1.0], [1.0], [1.0], [1.0], [1.0], [1.0], [1.0], [1.0], [1.0], [1.0], [1.0], [1.0], [1.0], [1.0], [1.0], [1.0], [1.0], [1.0], [1.0], [1.0], [1.0], [1.0], [1.0], [1.0], [1.0], [1.0], [1.0], [1.0], [1.0], [1.0], [1.0], [1.0], [1.0], [1.0]]
RA:	[[0.5], [0.25], [0.5], [0.5], [0.5], [0.25], [0.5], [0.5], [0.25], [0.5], [0.5], [0.5], [0.25], [0.0], [0.5], [0.5], [0.5], [0.25], [0.25], [0.5], [0.5], [0.5], [0.5], [0.5], [0.5], [0.5], [0.25], [0.5], [0.5], [0.25], [0.25], [0.25], [0.5], [0.5], [0.5], [0.5], [0.25], [0.5], [0.5], [0.5], [0.25], [0.5], [0.5], [0.5], [0.5], [0.5], [0.25], [0.5], [0.5], [0.5], [0.5], [0.25], [0.5], [0.5], [0.5], [0.25], [0.5], [0.5], [0.25], [0.25], [0.5], [0.5], [0.5], [0.5], [0.5], [0.5], [0.5], [0.25], [0.5], [0.5], [0.5], [0.25], [0.5], [0.25], [0.25], [0.25], [0.25], [0.25], [0.5], [0.5], [0.25], [0.25], [0.25], [0.5]]
PGU:	[[0.0], [0.0], [0.0], [0.0], [0.0], [0.0], [0.0], [0.0], [0.0], [0.0], [0.0], [5.9604645e-08], [0.0], [0.0], [0.0], [0.0], [0.0], [0.0], [0.0], [0.0], [0.0], [0.0], [0.0], [0.0], [0.0], [0.0], [0.0], [0.0], [0.0], [0.0], [0.0], [0.0], [0.0], [0.0], [0.0], [0.0], [0.0], [0.0], [0.0], [0.0], [0.0], [0.0], [0.0], [0.0], [0.0], [0.0], [0.0], [0.0], [0.0], [0.0], [0.0], [0.0], [0.0], [0.0], [0.0], [0.0], [2.9802322e-08], [0.0], [0.0], [0.0], [0.0], [0.0], [0.0], [0.0], [0.0], [0.0], [0.0], [0.0], [0.0], [0.0], [0.0], [0.0], [0.0], [0.0], [0.0], [0.0], [0.0], [0.0], [0.0], [0.0], [2.9802322e-08], [0.0], [0.0], [0.0]]
PGI:	[[0.04309946], [0.0417566], [0.0465797], [0.043395404], [0.040849656], [0.04724392], [0.039612345], [0.047892917], [0.04731548], [0.037685093], [0.03699675], [0.04444861], [0.033757564], [0.04669338], [0.047008883], [0.04534872], [0.045630474], [0.047659885], [0.03256244], [0.046187874], [0.035480697], [0.047570907], [0.04815165], [0.047859117], [0.037672598], [0.04102872], [0.043600038], [0.037337042], [0.047288936], [0.038843513], [0.047906514], [0.04305187], [0.042330444], [0.047567356], [0.043628734], [0.04139082], [0.048051946], [0.048467726], [0.048275054], [0.03937803], [0.0447667], [0.039886277], [0.046811357], [0.04569576], [0.04020002], [0.048142742], [0.039081], [0.034399547], [0.047056384], [0.046268623], [0.044890877], [0.0430911], [0.03492854], [0.04775959], [0.047151655], [0.044573426], [0.0401583], [0.04755963], [0.04772068], [0.04781243], [0.046673458], [0.04710909], [0.032869805], [0.04779673], [0.047834504], [0.04747483], [0.034307722], [0.03687868], [0.047247387], [0.048223615], [0.0442371], [0.039236654], [0.046412237], [0.047014643], [0.047666695], [0.047304247], [0.039123278], [0.044715244], [0.04167681], [0.047464773], [0.046558652], [0.043850843], [0.04801895], [0.03574325]]
orig_inds:	[0, 1, 2, 3, 4, 5, 6, 7, 8, 11, 13, 14, 15, 16, 17, 19, 21, 22, 23, 25, 26, 28, 30, 31, 32, 33, 34, 35, 36, 37, 38, 40, 41, 42, 43, 44, 45, 46, 48, 49, 50, 51, 53, 54, 55, 56, 57, 58, 59, 60, 61, 63, 64, 65, 68, 69, 70, 71, 72, 73, 74, 75, 76, 77, 78, 79, 80, 81, 82, 84, 85, 86, 87, 88, 89, 90, 91, 92, 93, 94, 95, 96, 98, 99]
