
FA:	[[1.0], [1.0], [1.0], [1.0], [1.0], [1.0], [1.0], [1.0], [1.0], [1.0], [1.0], [1.0], [1.0], [0.0], [1.0], [1.0], [1.0], [1.0], [1.0], [1.0], [1.0], [1.0], [1.0], [1.0], [1.0], [1.0], [1.0], [1.0], [1.0], [1.0], [1.0], [1.0], [1.0], [1.0], [1.0], [1.0], [1.0], [1.0], [1.0], [1.0], [1.0], [1.0], [1.0], [1.0], [1.0], [1.0], [1.0], [1.0], [1.0], [1.0], [1.0], [1.0], [1.0], [1.0], [1.0], [1.0], [1.0], [1.0], [1.0], [1.0], [1.0], [1.0], [1.0], [1.0], [1.0], [1.0], [1.0], [1.0], [1.0], [1.0], [1.0], [1.0], [1.0], [1.0], [1.0], [1.0], [1.0], [0.0], [1.0], [1.0], [1.0], [1.0], [1.0], [1.0]]
RA:	[[1.0], [1.0], [1.0], [1.0], [1.0], [1.0], [1.0], [1.0], [1.0], [1.0], [1.0], [1.0], [1.0], [0.0], [1.0], [1.0], [1.0], [1.0], [1.0], [1.0], [1.0], [1.0], [1.0], [1.0], [1.0], [1.0], [1.0], [1.0], [1.0], [1.0], [1.0], [1.0], [1.0], [1.0], [1.0], [1.0], [1.0], [1.0], [1.0], [1.0], [1.0], [1.0], [1.0], [1.0], [1.0], [1.0], [1.0], [1.0], [1.0], [1.0], [1.0], [1.0], [1.0], [1.0], [1.0], [1.0], [1.0], [1.0], [1.0], [1.0], [1.0], [1.0], [1.0], [1.0], [1.0], [1.0], [1.0], [1.0], [1.0], [1.0], [1.0], [1.0], [1.0], [1.0], [1.0], [1.0], [1.0], [0.0], [1.0], [1.0], [1.0], [1.0], [1.0], [1.0]]
PGU:	[[0.01885213], [0.018679367], [0.021021519], [0.01913157], [0.017990971], [0.02109955], [0.017927634], [0.0211527], [0.02110015], [0.016574156], [0.01629585], [0.019914288], [0.01480067], [0.045350444], [0.020720452], [0.020007892], [0.02031048], [0.020954337], [0.014459987], [0.020824429], [0.015891628], [0.021548076], [0.021268511], [0.021192415], [0.01656796], [0.017967744], [0.019388482], [0.0161952], [0.020941054], [0.01730352], [0.021623274], [0.01940313], [0.018947141], [0.021010403], [0.01958778], [0.01848287], [0.021607019], [0.021068782], [0.02134153], [0.017278684], [0.01981754], [0.01751346], [0.020902123], [0.020420505], [0.017960602], [0.021392401], [0.017335635], [0.015342256], [0.020902986], [0.020685067], [0.02000325], [0.019018427], [0.015529974], [0.021227498], [0.020754887], [0.019646864], [0.018091323], [0.021263953], [0.021574916], [0.021235928], [0.020826664], [0.020999255], [0.014509968], [0.021212151], [0.02113357], [0.021199286], [0.015313522], [0.01632552], [0.020894064], [0.021278445], [0.019324102], [0.01725499], [0.02068289], [0.020532466], [0.021137107], [0.020998368], [0.017731668], [0.043560624], [0.01851306], [0.02143546], [0.021017456], [0.019482696], [0.021099325], [0.015898278]]
PGI:	[[0.038327027], [0.037375327], [0.04199867], [0.039107613], [0.03613182], [0.04224966], [0.03605592], [0.043495353], [0.04257765], [0.03378509], [0.03329249], [0.040134728], [0.029727787], [0.0077467156], [0.041330818], [0.04063622], [0.040740546], [0.042608917], [0.029413534], [0.04241916], [0.032289863], [0.04309984], [0.043018118], [0.04292318], [0.033956908], [0.036878843], [0.0389072], [0.0333038], [0.042738616], [0.034804694], [0.042525593], [0.03890464], [0.03759758], [0.042144854], [0.03891708], [0.03699022], [0.042906087], [0.0429014], [0.04363364], [0.035679296], [0.04065889], [0.035464846], [0.042848714], [0.041402545], [0.03574788], [0.042905062], [0.03539072], [0.030938135], [0.0425736], [0.04169339], [0.039727185], [0.038480006], [0.031211494], [0.0423354], [0.042669963], [0.03954068], [0.036056694], [0.042368654], [0.042517763], [0.04243972], [0.04259198], [0.042536724], [0.029104419], [0.04304328], [0.042766444], [0.04322034], [0.03135974], [0.03296552], [0.04215653], [0.042565934], [0.040101185], [0.035033617], [0.041126844], [0.042495526], [0.04316693], [0.042319983], [0.035360895], [0.0075331354], [0.03731552], [0.043462053], [0.041850552], [0.039756782], [0.04269146], [0.031865533]]
orig_inds:	[0, 1, 2, 3, 4, 5, 6, 7, 8, 11, 13, 14, 15, 16, 17, 19, 21, 22, 23, 25, 26, 28, 30, 31, 32, 33, 34, 35, 36, 37, 38, 40, 41, 42, 43, 44, 45, 46, 48, 49, 50, 51, 53, 54, 55, 56, 57, 58, 59, 60, 61, 63, 64, 65, 68, 69, 70, 71, 72, 73, 74, 75, 76, 77, 78, 79, 80, 81, 82, 84, 85, 86, 87, 88, 89, 90, 91, 92, 93, 94, 95, 96, 98, 99]
