
FA:	[]
RA:	[]
PGU:	[[0.07852383], [0.0053997207], [0.03363891], [0.06827031], [0.07660671], [0.0012367434], [0.43887037], [0.0034517692], [6.8094385e-05], [0.06982179], [0.4337457], [0.09640184], [0.18112855], [3.3658285e-05], [0.17787345], [0.34004605], [0.34743991], [0.0041131987], [0.26124632], [0.438358], [0.43464965], [2.1391774e-05], [0.32329977], [0.25486287], [0.25534204], [0.39863807], [0.34426847], [5.2782416e-06], [0.2675307], [5.9264054e-05], [0.019422637], [0.2669295], [0.2558676], [0.035785258], [0.20000198], [0.30555096], [0.035790123], [0.090497054], [0.30806315], [0.32337105], [0.32317057], [0.046715137], [0.23558088], [0.265694], [0.048889287], [0.08926724], [0.21697217], [0.0003565996]]
PGI:	[[5.4144857e-07], [0.20179151], [0.19777802], [2.3655891e-06], [1.9482493e-06], [0.16389844], [0.16133122], [0.2020219], [0.04579296], [1.9141906e-05], [0.02031411], [0.3307897], [0.27850458], [0.06683358], [5.2216805e-05], [0.09728782], [0.08806828], [0.12772113], [0.00014014552], [0.2402255], [0.23768733], [0.044327527], [0.3734149], [0.0001184247], [0.00596415], [0.04665995], [0.026099445], [0.023297846], [0.0003566466], [0.016125306], [7.248736e-08], [0.0027950765], [0.38204706], [0.13002421], [0.019572599], [0.0012033222], [8.591414e-08], [0.24484158], [0.19957885], [0.41352364], [0.39014596], [2.451539e-07], [0.0007924622], [0.0015096016], [1.8891096e-07], [1.9145489e-06], [0.00012414009], [0.14278135]]
orig_inds:	[9, 11, 12, 15, 16, 17, 20, 21, 22, 24, 25, 27, 29, 30, 31, 32, 33, 34, 35, 37, 39, 45, 46, 50, 51, 55, 61, 63, 67, 68, 69, 70, 71, 72, 73, 74, 75, 80, 81, 82, 84, 85, 88, 89, 91, 94, 95, 97]
