
FA:	[]
RA:	[]
PGU:	[[0.07296147], [0.000633579], [0.02350133], [0.06243887], [2.379973e-05], [5.1000643e-05], [0.3177157], [0.0029891876], [3.928649e-06], [0.06707289], [0.43526983], [0.07149721], [0.04401525], [6.813842e-06], [0.0008751382], [0.10708004], [0.14916348], [0.00012694519], [0.26207873], [0.43761504], [0.42859367], [1.6632259e-06], [0.21997781], [0.2481255], [0.24661045], [0.20312332], [0.34407514], [1.9313215e-06], [0.26628798], [4.7230376e-05], [0.01961289], [0.026463263], [0.24390711], [8.431315e-05], [0.18733151], [0.030155826], [0.030757809], [0.027723102], [0.060350157], [0.26269498], [0.1958038], [0.047459505], [0.003204259], [0.27817026], [0.04927854], [1.877427e-06], [0.21517947], [0.00066427176]]
PGI:	[[1.4091194e-06], [0.18672217], [0.2148303], [6.9685043e-06], [0.071630545], [0.16580774], [0.430663], [0.1944305], [0.051393837], [6.3588595e-05], [0.20378625], [0.31506777], [0.32603383], [0.068727605], [0.17821942], [0.34341854], [0.35334656], [0.13886233], [0.0031674807], [0.31507772], [0.29269367], [0.052353576], [0.40456766], [0.0024459318], [0.018722832], [0.38983768], [0.11832742], [0.029500391], [0.0054476764], [0.017768186], [1.7996065e-07], [0.26762474], [0.39055732], [0.18013757], [0.028446127], [0.29516274], [1.9184351e-07], [0.28026903], [0.3237842], [0.41485673], [0.4161853], [5.6661366e-07], [0.23720594], [0.007994525], [6.202579e-07], [0.098052315], [0.0021021215], [0.13688758]]
orig_inds:	[9, 11, 12, 15, 16, 17, 20, 21, 22, 24, 25, 27, 29, 30, 31, 32, 33, 34, 35, 37, 39, 45, 46, 50, 51, 55, 61, 63, 67, 68, 69, 70, 71, 72, 73, 74, 75, 80, 81, 82, 84, 85, 88, 89, 91, 94, 95, 97]
