
FA:	[]
RA:	[]
PGU:	[0.06656570856769879, 0.0024768917355686426, 0.024927588800589245, 0.05649932101368904, 0.012842876528035655, 0.0002836392280490448, 0.3319846987724304, 0.0035471272810051837, 8.153599537763512e-06, 0.057714485873778656, 0.39883305629094445, 0.07942007854580879, 0.08302168796459834, 1.3152365985054832e-05, 0.033210652065463364, 0.16264966130256653, 0.1770395264029503, 0.0007674149795396563, 0.21714569131533304, 0.41790090004603064, 0.4070591330528259, 5.913136571204328e-06, 0.27206863959630334, 0.21581807732582092, 0.20987560351689655, 0.24891851345698038, 0.3019810716311137, 2.2724569817000884e-06, 0.22283567488193512, 3.0134944609017115e-05, 0.018157052186628185, 0.061763529044886425, 0.23635042707125348, 0.006852697828435339, 0.16362330069144565, 0.08096518181264399, 0.02720058150589466, 0.04558567392329375, 0.10871515919764838, 0.2969013253847758, 0.2337689201037089, 0.03895733319222927, 0.045931397859628, 0.22964346905549368, 0.0424029187609752, 0.015065047257166952, 0.18315447121858597, 0.0004716843638258676]
PGI:	[0.012301990856731967, 0.1835742195447286, 0.211082324385643, 0.012078268481369985, 0.0616874061524868, 0.16771797835826874, 0.3888165156046549, 0.19464623928070068, 0.050679651399453476, 0.013648574661298579, 0.14606733495990437, 0.3169337113698324, 0.3146107395490011, 0.06873249262571335, 0.14446420719226202, 0.3058947374423345, 0.30291107296943665, 0.13350498179594678, 0.04461363623461997, 0.2938011884689331, 0.2856769065062205, 0.05128299320737521, 0.39267833034197486, 0.041817908412970915, 0.05216006965686878, 0.32583826780319214, 0.11008725936214131, 0.027034048611919083, 0.042709082908307515, 0.015461389596263567, 0.003407669502569396, 0.22225746015707654, 0.38822535673777264, 0.16737136244773865, 0.054461587220430374, 0.2516641169786453, 0.0057218411167501895, 0.2745051681995392, 0.3041565716266632, 0.41636553406715393, 0.40902096033096313, 0.007596333706374026, 0.19689182688792545, 0.04662256777131309, 0.0082749697099113, 0.07770060002803802, 0.036596836502819016, 0.13725633422533673]
orig_inds:	[9, 11, 12, 15, 16, 17, 20, 21, 22, 24, 25, 27, 29, 30, 31, 32, 33, 34, 35, 37, 39, 45, 46, 50, 51, 55, 61, 63, 67, 68, 69, 70, 71, 72, 73, 74, 75, 80, 81, 82, 84, 85, 88, 89, 91, 94, 95, 97]
