
FA:	[]
RA:	[]
PGU:	[0.04934736456425526, 0.0018344154232181609, 0.02016240358352661, 0.04258150363114055, 0.010063801912906456, 0.00019071395581704564, 0.3053521551191807, 0.0025445181818213314, 8.686829517046135e-06, 0.04378150738853037, 0.36212705448269844, 0.072151611559093, 0.074404027312994, 1.0793407454912085e-05, 0.024437214320641942, 0.14673709869384766, 0.15717612579464912, 0.0006588032156287227, 0.16188845271244645, 0.3887612745165825, 0.36858782172203064, 4.178071606020239e-06, 0.2579648941755295, 0.16070304799359292, 0.16296094004064798, 0.23358651623129845, 0.25686395168304443, 1.6762621726229554e-06, 0.16773857350926846, 8.181771590898279e-06, 0.013158563907989418, 0.04808220616541803, 0.2167186103761196, 0.004998644781153416, 0.12555863696616143, 0.06658556219190359, 0.020322513495759864, 0.036184286698699, 0.09598407335579395, 0.2842574864625931, 0.21289348974823952, 0.029114016576109236, 0.03454808809328824, 0.1762015325948596, 0.03214981897843927, 0.01142612162163914, 0.14037876739166677, 0.00037468981463462114]
PGI:	[0.02771457547545708, 0.1862269565463066, 0.21492525562644005, 0.02532953061609078, 0.06639933120459318, 0.16818388178944588, 0.3994573652744293, 0.19527989625930786, 0.05161965638399124, 0.029946088796350523, 0.21875293273478746, 0.32243168354034424, 0.3165607303380966, 0.06715569272637367, 0.1548589002341032, 0.3173838034272194, 0.3143586404621601, 0.13162536174058914, 0.09780694059008965, 0.33040326088666916, 0.32166727632284164, 0.05188987497240305, 0.39415065199136734, 0.09206110467857798, 0.09874243545345962, 0.34058045223355293, 0.16800592746585608, 0.027541932184249163, 0.09423916207742877, 0.01603423710912466, 0.007316698885738049, 0.23171452805399895, 0.3910691440105438, 0.17284877598285675, 0.0931506184861064, 0.2629546672105789, 0.012602219580115204, 0.2812270522117615, 0.3088621199131012, 0.4181157946586609, 0.4093703329563141, 0.018207425349949347, 0.20513257943093777, 0.10125344368861988, 0.01808357734381616, 0.08219483029097319, 0.08057139432276017, 0.1385851837694645]
orig_inds:	[9, 11, 12, 15, 16, 17, 20, 21, 22, 24, 25, 27, 29, 30, 31, 32, 33, 34, 35, 37, 39, 45, 46, 50, 51, 55, 61, 63, 67, 68, 69, 70, 71, 72, 73, 74, 75, 80, 81, 82, 84, 85, 88, 89, 91, 94, 95, 97]
