
FA:	[]
RA:	[]
PGU:	[[1.1620998e-06], [0.0006000881], [0.0031803318], [3.9991082e-06], [4.434663e-06], [6.2314925e-06], [0.18784955], [0.00051810313], [1.1565804e-06], [3.1115114e-06], [0.21746616], [0.048841428], [0.04096311], [2.4438382e-06], [0.00058632094], [0.10567712], [0.087216996], [9.004133e-05], [0.0023770577], [0.29178706], [0.2550518], [1.4697612e-06], [0.21750642], [0.0015726459], [0.019124677], [0.16357006], [0.09786993], [5.022049e-07], [0.0023743678], [1.1956775e-05], [4.9087603e-08], [0.0022930598], [0.13726556], [5.4415923e-05], [0.0035234059], [0.024160232], [9.988546e-08], [0.00966458], [0.054498456], [0.2582325], [0.12815067], [3.770232e-07], [0.0025235624], [0.02205114], [9.672762e-07], [1.5836417e-06], [0.002155691], [8.289905e-05]]
PGI:	[[0.07322992], [0.17818132], [0.22521497], [0.07414264], [0.07842516], [0.16927125], [0.43526822], [0.19260877], [0.056730658], [0.08325686], [0.43649086], [0.31844112], [0.32757685], [0.069828], [0.17793824], [0.34798563], [0.3499314], [0.13531902], [0.26661608], [0.43259317], [0.42667583], [0.048546687], [0.4059914], [0.24429548], [0.24292122], [0.39824662], [0.3485339], [0.027309747], [0.25396672], [0.015540152], [0.01845636], [0.26732123], [0.4031716], [0.18920316], [0.20260341], [0.29967088], [0.032640178], [0.30033794], [0.32619762], [0.42237955], [0.41865727], [0.046800636], [0.2409346], [0.26570678], [0.04836879], [0.094325565], [0.20672451], [0.13588716]]
orig_inds:	[9, 11, 12, 15, 16, 17, 20, 21, 22, 24, 25, 27, 29, 30, 31, 32, 33, 34, 35, 37, 39, 45, 46, 50, 51, 55, 61, 63, 67, 68, 69, 70, 71, 72, 73, 74, 75, 80, 81, 82, 84, 85, 88, 89, 91, 94, 95, 97]
