
FA:	[]
RA:	[]
PGU:	[0.08139923959970474, 0.0037986126262694597, 0.02848629653453827, 0.06861905008554459, 0.02115015330764436, 0.0003093508494202979, 0.35149699449539185, 0.00404692068696022, 1.0882235983444843e-05, 0.07365560904145241, 0.43598783016204834, 0.08951437100768089, 0.09988103434443474, 1.6144209439517e-05, 0.04880826349835843, 0.18741098046302795, 0.20217927545309067, 0.0011205795162823051, 0.25963062047958374, 0.44024015963077545, 0.43421047925949097, 7.326084642045316e-06, 0.2957615554332733, 0.2591026872396469, 0.2528061270713806, 0.27192823588848114, 0.3445577472448349, 2.2090241600380978e-06, 0.26160915195941925, 3.5561628465075046e-05, 0.020748416893184185, 0.08843311853706837, 0.2491418868303299, 0.010633191326633096, 0.19241423904895782, 0.10738416388630867, 0.03270840831100941, 0.05798908323049545, 0.13473884016275406, 0.3116619437932968, 0.2573990300297737, 0.04770039767026901, 0.06902237050235271, 0.2714141309261322, 0.05092364922165871, 0.023133827200581436, 0.2161257117986679, 0.0005034009518567473]
PGI:	[7.587134973618959e-07, 0.18238501250743866, 0.20967290550470352, 3.2151132245417102e-06, 0.05735618621110916, 0.16597241908311844, 0.36438262462615967, 0.19144722074270248, 0.05258219316601753, 3.08634862449253e-05, 0.0665020514279604, 0.3197649270296097, 0.3091856688261032, 0.06693176180124283, 0.13152892515063286, 0.2820739224553108, 0.2774548977613449, 0.13576634973287582, 0.0009265921689802781, 0.2555040121078491, 0.2474689781665802, 0.05050358921289444, 0.3863216042518616, 0.0008009947487153113, 0.009607315296307206, 0.301724411547184, 0.05066966637969017, 0.026126734912395477, 0.0018288047867827117, 0.016085880808532238, 1.3943293453166916e-07, 0.20239414274692535, 0.38552042841911316, 0.16478052735328674, 0.021914906799793243, 0.22385236620903015, 1.076728111115699e-07, 0.2681698352098465, 0.2939588278532028, 0.4135300815105438, 0.4057384431362152, 3.0862987898672145e-07, 0.1753191202878952, 0.0031461036996915936, 3.2221377921359817e-07, 0.06832314468920231, 0.0005313757210387848, 0.13624797761440277]
orig_inds:	[9, 11, 12, 15, 16, 17, 20, 21, 22, 24, 25, 27, 29, 30, 31, 32, 33, 34, 35, 37, 39, 45, 46, 50, 51, 55, 61, 63, 67, 68, 69, 70, 71, 72, 73, 74, 75, 80, 81, 82, 84, 85, 88, 89, 91, 94, 95, 97]
