
FA:	[]
RA:	[]
PGU:	[[1.3883889e-06], [0.00048577623], [0.010830907], [5.131221e-06], [6.1310648e-06], [6.679976e-06], [0.26255226], [0.0006596988], [1.2168587e-06], [3.8397015e-06], [0.24533503], [0.048576094], [0.044293746], [6.5948548e-06], [0.0009082899], [0.108386025], [0.09746853], [0.00010783404], [0.003623561], [0.30882952], [0.25644022], [1.5257716e-06], [0.22044502], [0.002330795], [0.020767974], [0.20848905], [0.11246219], [6.4709184e-07], [0.0032855317], [1.584674e-06], [8.380174e-08], [0.005355834], [0.18125561], [5.304339e-05], [0.005137451], [0.025953034], [1.2723207e-07], [0.010838865], [0.057390187], [0.25731644], [0.17271143], [4.8075316e-07], [0.0029951332], [0.022313092], [9.646952e-07], [1.6578078e-06], [0.0029235291], [0.0002905776]]
PGI:	[[0.07598167], [0.17557015], [0.21754639], [0.07401404], [0.07774737], [0.17472777], [0.43364522], [0.18990315], [0.05637715], [0.08000204], [0.4389299], [0.32041958], [0.33364463], [0.06601106], [0.17654127], [0.34894976], [0.3559707], [0.13920853], [0.25792107], [0.42891157], [0.430631], [0.053013977], [0.40224886], [0.24784026], [0.24253479], [0.38415387], [0.34455258], [0.0261762], [0.25680792], [0.015312286], [0.020728355], [0.2729555], [0.3942433], [0.18262519], [0.2027783], [0.29912406], [0.032276273], [0.2979842], [0.3204268], [0.41946402], [0.41418344], [0.049220458], [0.2409238], [0.2633426], [0.045588624], [0.09890231], [0.21091497], [0.13297947]]
orig_inds:	[9, 11, 12, 15, 16, 17, 20, 21, 22, 24, 25, 27, 29, 30, 31, 32, 33, 34, 35, 37, 39, 45, 46, 50, 51, 55, 61, 63, 67, 68, 69, 70, 71, 72, 73, 74, 75, 80, 81, 82, 84, 85, 88, 89, 91, 94, 95, 97]
