
FA:	[]
RA:	[]
PGU:	[[0.08553377], [0.0038852864], [0.028197587], [0.066876456], [2.4961108e-05], [0.000307897], [0.32028526], [0.003263894], [4.4547974e-06], [0.06955508], [0.43753105], [0.09385832], [0.09341172], [1.1804628e-05], [0.00462626], [0.15523224], [0.15784755], [0.00035160306], [0.26432672], [0.44775605], [0.44057652], [7.334834e-06], [0.3170621], [0.2581074], [0.24480073], [0.24679975], [0.35047927], [1.9120455e-06], [0.26978794], [3.0987144e-06], [0.022497859], [0.025784967], [0.24388418], [0.0020749923], [0.20237243], [0.042158406], [0.03177363], [0.05643711], [0.084344104], [0.3278276], [0.254067], [0.051512226], [0.015652727], [0.26836064], [0.052749865], [4.8559905e-06], [0.21412595], [0.00068659004]]
PGI:	[[5.948067e-07], [0.1743734], [0.20116003], [2.2485615e-06], [0.075656265], [0.16551428], [0.4345109], [0.19775075], [0.05214027], [1.8570732e-05], [0.019970696], [0.31466183], [0.3108731], [0.067500755], [0.17317216], [0.33951867], [0.34714904], [0.13813785], [0.0001819211], [0.23382255], [0.23216878], [0.048759367], [0.38192144], [0.00016028884], [0.0063453238], [0.37933803], [0.02809676], [0.027280359], [0.0003644902], [0.015994066], [8.7177305e-08], [0.26480797], [0.38999754], [0.17147553], [0.021908117], [0.30405393], [7.480383e-08], [0.27540603], [0.31562173], [0.41534424], [0.41124892], [2.4194716e-07], [0.22738965], [0.001469985], [2.1756887e-07], [0.09346543], [0.00012360155], [0.14171657]]
orig_inds:	[9, 11, 12, 15, 16, 17, 20, 21, 22, 24, 25, 27, 29, 30, 31, 32, 33, 34, 35, 37, 39, 45, 46, 50, 51, 55, 61, 63, 67, 68, 69, 70, 71, 72, 73, 74, 75, 80, 81, 82, 84, 85, 88, 89, 91, 94, 95, 97]
