
FA:	[]
RA:	[]
PGU:	[0.08558572083711624, 0.004166313447058201, 0.029717199504375458, 0.07003206014633179, 0.03966684639453888, 0.0007671962375752628, 0.3796580731868744, 0.004028080031275749, 1.9304117813589983e-05, 0.07322873920202255, 0.43387341499328613, 0.09367834776639938, 0.13730233907699585, 2.1661344362655655e-05, 0.09629157185554504, 0.24719738960266113, 0.25021255016326904, 0.0022617888171225786, 0.2626376748085022, 0.44144177436828613, 0.4353329837322235, 1.1436896784289274e-05, 0.32228487730026245, 0.25599533319473267, 0.2491433322429657, 0.32041531801223755, 0.34597355127334595, 3.499728563838289e-06, 0.2651349902153015, 2.3346718080574647e-05, 0.0210094191133976, 0.15198864042758942, 0.24917353689670563, 0.019443398341536522, 0.20121361315250397, 0.17265775799751282, 0.032370101660490036, 0.07457497715950012, 0.1982090175151825, 0.32655349373817444, 0.28777021169662476, 0.04630884528160095, 0.12361518293619156, 0.2667649984359741, 0.05383891612291336, 0.04523281753063202, 0.21470415592193604, 0.0003447270137257874]
PGI:	[5.520046215679031e-07, 0.188979834318161, 0.20438140630722046, 2.2716940293321386e-06, 0.03597068786621094, 0.1644551157951355, 0.2983942925930023, 0.19777490198612213, 0.050714150071144104, 1.8274042304256e-05, 0.019927561283111572, 0.31746187806129456, 0.29433473944664, 0.06934681534767151, 0.08478840440511703, 0.22292789816856384, 0.21281807124614716, 0.13386589288711548, 0.00016280209820251912, 0.23710912466049194, 0.23436543345451355, 0.045525021851062775, 0.38093799352645874, 0.00013937240873929113, 0.006895382888615131, 0.2148708552122116, 0.027044912800192833, 0.028605200350284576, 0.0003618824412114918, 0.016922084614634514, 7.368915078131977e-08, 0.1354495733976364, 0.3834003508090973, 0.15290403366088867, 0.020952889695763588, 0.14969463646411896, 8.307695509301993e-08, 0.25498589873313904, 0.26208359003067017, 0.41379833221435547, 0.4003884196281433, 2.398491005806136e-07, 0.11770199239253998, 0.0014930948382243514, 1.9909143134100304e-07, 0.043765705078840256, 0.00012527266517281532, 0.13573333621025085]
orig_inds:	[9, 11, 12, 15, 16, 17, 20, 21, 22, 24, 25, 27, 29, 30, 31, 32, 33, 34, 35, 37, 39, 45, 46, 50, 51, 55, 61, 63, 67, 68, 69, 70, 71, 72, 73, 74, 75, 80, 81, 82, 84, 85, 88, 89, 91, 94, 95, 97]
