
FA:	[]
RA:	[]
PGU:	[[0.081276365], [0.0047703423], [0.032314952], [0.06765972], [0.08109927], [0.0012386687], [0.43830508], [0.00361968], [0.00015140612], [0.072347224], [0.43340477], [0.091599], [0.18333693], [2.4869138e-05], [0.18797342], [0.32916954], [0.34203854], [0.0040773605], [0.25512016], [0.44408983], [0.43222442], [1.6838992e-05], [0.3278734], [0.2554511], [0.254103], [0.3988362], [0.3474893], [6.1758997e-06], [0.259701], [7.440603e-06], [0.02205188], [0.27104], [0.25526708], [0.03758071], [0.20439287], [0.3064006], [0.030564215], [0.092242405], [0.31090158], [0.33279026], [0.31967613], [0.046182487], [0.22838555], [0.26747015], [0.05081342], [0.08870412], [0.21464722], [0.00054089056]]
PGI:	[[5.318761e-07], [0.19300576], [0.20202471], [2.3638129e-06], [1.974666e-06], [0.15944232], [0.160858], [0.20441134], [0.048049353], [1.9252986e-05], [0.020044329], [0.32651964], [0.27044445], [0.066972375], [5.2134226e-05], [0.104270175], [0.088837855], [0.13022627], [0.00014076594], [0.238004], [0.241779], [0.0457791], [0.37261525], [0.0001192472], [0.0058303704], [0.046725933], [0.026130915], [0.02288193], [0.0003579176], [0.017043253], [1.544345e-07], [0.0030463182], [0.3867279], [0.12923715], [0.020551404], [0.0011997832], [8.6283684e-08], [0.24387412], [0.19738412], [0.41288412], [0.38669896], [2.3827553e-07], [0.00078161084], [0.0014987608], [1.9037724e-07], [1.8231988e-06], [0.00012616417], [0.13597547]]
orig_inds:	[9, 11, 12, 15, 16, 17, 20, 21, 22, 24, 25, 27, 29, 30, 31, 32, 33, 34, 35, 37, 39, 45, 46, 50, 51, 55, 61, 63, 67, 68, 69, 70, 71, 72, 73, 74, 75, 80, 81, 82, 84, 85, 88, 89, 91, 94, 95, 97]
