
FA:	[]
RA:	[]
PGU:	[[0.0], [0.0], [0.0], [0.0], [0.0], [0.0], [3.259629e-09], [0.0], [0.0], [0.0], [0.0], [0.0], [2.3874236e-12], [1.6298145e-09], [0.0], [0.0], [0.0], [0.0], [0.0], [0.0], [0.0], [9.313226e-10], [2.6077032e-08], [0.0], [0.0], [0.0], [0.0], [0.0], [0.0], [0.0], [0.0], [0.0], [0.0], [5.9604645e-08], [0.0], [0.0], [0.0], [4.0745363e-10], [0.0], [0.0], [0.0], [0.0], [0.0], [0.0], [5.820766e-10], [1.4901161e-08], [0.0], [0.0], [0.0], [0.0], [0.0], [0.0], [0.0], [4.656613e-10], [0.0], [0.0], [0.0], [0.0], [1.1175871e-08], [0.0], [1.6007107e-10], [0.0], [0.0], [5.820766e-10], [0.0], [0.0], [0.0], [1.4551915e-10], [0.0], [0.0], [0.0], [0.0], [0.0], [0.0], [0.0], [0.0], [0.0], [0.0], [0.0], [0.0], [2.3841858e-07], [2.7284841e-11], [0.0], [0.0], [0.0], [0.0], [3.7252903e-08]]
PGI:	[[8.801679e-05], [0.00023270297], [0.35668537], [0.06099328], [0.016046334], [0.3565394], [0.12594073], [0.18704249], [0.3671651], [0.00040008177], [6.592819e-05], [0.078212686], [2.952243e-05], [0.120034054], [0.04202258], [0.34633583], [0.0050568413], [0.35344994], [5.437895e-07], [0.22522815], [0.0013706108], [0.08755911], [0.29029083], [0.20068806], [0.0011270858], [0.018184654], [0.12034278], [0.029784543], [0.17139916], [0.00011823974], [0.08353677], [0.06082356], [0.040119138], [0.39746898], [0.09997472], [0.00072867644], [0.23717955], [0.057514332], [0.21377304], [0.0068549253], [0.05702763], [0.006452308], [0.3555732], [0.17815696], [0.03385799], [0.30820143], [0.000387652], [0.0005918573], [0.35020924], [0.0019674685], [0.1234307], [0.015452199], [0.0005839328], [0.09490182], [0.356749], [0.000302263], [0.0001614443], [0.36472335], [0.2658892], [0.3654183], [0.015328737], [0.055966955], [0.0002803046], [0.06167379], [0.047079373], [0.37929636], [0.00048324442], [0.027754026], [0.20600387], [0.1321383], [0.09219406], [0.0062054778], [0.03956723], [0.35842603], [0.36681846], [0.08503103], [2.1137022e-05], [0.11419895], [0.043709587], [0.17381698], [0.3327775], [0.0029993297], [0.1857035], [0.00039989094], [0.002653557], [0.10048139], [0.19623765]]
orig_inds:	[1, 2, 3, 4, 5, 6, 7, 8, 11, 13, 14, 15, 16, 17, 19, 20, 21, 22, 23, 24, 25, 26, 27, 28, 30, 31, 32, 33, 34, 35, 36, 37, 38, 39, 40, 41, 42, 43, 44, 45, 48, 49, 50, 51, 53, 54, 55, 56, 57, 58, 59, 60, 61, 63, 64, 65, 67, 68, 69, 70, 71, 72, 73, 74, 75, 77, 78, 79, 80, 81, 82, 84, 85, 86, 87, 88, 89, 90, 91, 92, 93, 94, 95, 96, 97, 98, 99]
